11.61413
6.21883
10.32562
7.279699
7.502121
7.820663
1.37676
5.761032
-0.3827768
13.1483
9.595597
0.8371541
6.629641
9.198602
-4.669359
6.726571
4.585305
4.8446
-1.17427
9.050525
5.716574
6.706435
11.96889
13.39835
4.249433
1.204506
0.5547894
5.192449
6.348543
12.69875
8.086231
-4.654827
6.828095
7.523592
13.08708
5.588736
8.895977
6.984779
5.230148
3.346485
4.316422
2.568248
-0.5455403
7.114265
3.483334
13.32525
10.64138
8.384832
-1.209663
13.70164
3.470235
-1.032309
2.616224
3.261786
11.17906
5.693584
13.51523
13.09931
11.33019
3.613813
13.59121
4.228965
7.429029
9.005307
5.419614
7.621024
-1.359659
6.549873
8.318587
8.701215
2.323387
8.294772
9.209295
10.14711
8.933388
7.090499
-3.888308
5.248207
7.887097
12.96982
8.290916
7.295071
3.326899
6.957922
11.96044
6.346
3.303643
8.008176
2.423002
7.55729
2.127965
11.12392
2.833203
11.33247
4.708505
0.8392495
6.059839
7.586769
13.213
10.21338
9.767766
5.378849
1.724287
4.286466
0.5555476
8.290492
3.628872
6.261832
12.17859
1.941967
5.093626
10.2289
13.9928
2.603093
0.8227461
10.10784
6.173907
11.10731
11.65904
3.938429
-0.3678694
8.954491
10.17068
0.9315033
9.192324
6.845184
2.765038
11.02546
5.646544
2.700603
-0.0007477144
10.73455
8.196603
6.093517
8.182018
2.285008
11.74966
12.11737
8.957939
5.774223
8.175373
3.084717
7.147593
-0.05634397
5.766521
12.38072
3.627297
12.33757
4.171298
10.2839
7.157104
0.05271402
7.636515
4.203699
9.301128
13.9771
11.07106
4.491416
6.454237
12.20716
13.7528
4.701379
13.18324
13.176
12.32041
5.834923
2.44669
5.438327
5.953699
7.021308
1.308478
6.002894
9.982429
6.960979
10.33991
9.599967
6.883714
8.690915
2.672111
12.36741
9.134206
3.593123
1.895816
9.452301
2.181157
4.553935
11.26763
1.573024
8.150774
11.86497
7.35443
-2.646018
4.830179
11.09285
10.98113
-3.727962
5.532447
13.31368
10.08133
12.77359
