0.3785904
5.326986
3.129641
1.557615
9.504777
4.259819
3.721045
9.745587
7.173004
3.000512
8.209256
4.055903
7.376325
5.942573
9.414946
8.962536
11.78042
11.78982
1.993293
3.468681
3.179937
-1.225996
0.5438078
2.165442
2.189187
10.78535
4.632236
3.188307
11.35894
8.95034
8.051715
6.267005
11.19538
10.18855
1.821446
0.7783295
7.001694
10.63454
4.247254
9.620092
4.689831
-5.326069
1.726085
10.47504
5.584149
2.028751
-0.02404298
4.069069
-1.436531
1.593804
1.876676
9.730045
11.93511
3.603576
6.467633
3.602595
4.180219
9.575751
1.573864
10.02437
6.107291
4.974294
-1.886267
0.8587741
4.661444
4.228171
3.862905
2.748711
6.300141
-0.8515373
7.937391
8.279025
0.3749688
8.748532
7.359664
0.2925432
9.737946
3.561906
8.202647
6.982213
10.41834
4.264142
6.562894
6.600071
7.98687
4.65059
-4.578403
6.072947
3.880355
8.235452
6.082045
0.6213826
3.299842
6.160887
0.511869
7.870231
5.117349
8.463591
6.631766
11.49883
10.95687
9.02069
5.70084
8.812187
7.946841
5.754459
9.748698
5.042753
1.151103
5.607125
-1.462637
8.829907
8.238462
10.37937
6.783111
4.239006
5.301896
3.655158
6.906916
2.700648
10.92565
-2.256643
5.934948
7.107208
6.983202
2.7498
6.305787
2.661472
3.422006
5.664619
4.969047
2.176485
-0.2700912
11.55684
7.378669
9.44596
4.049001
2.605492
11.24803
6.258595
5.719806
9.205874
1.822943
2.178197
6.285112
7.191793
-2.283735
2.733301
2.324133
5.356291
8.110756
1.888268
4.528965
5.7057
-2.150638
1.742456
5.354996
5.263021
6.111627
0.5436867
11.26379
3.508504
8.677347
9.860027
10.11857
5.181887
2.727647
4.968492
-0.001015819
9.009496
7.288978
6.12909
4.24899
5.805945
4.092428
7.204597
0.4917082
-0.2808068
2.753446
3.966567
3.676677
4.816356
1.618014
5.753476
3.797835
2.133281
8.7349
4.332357
6.806754
7.471157
7.155583
11.26969
5.375448
7.192697
8.000297
6.791172
-0.04778662
1.576308
10.58841
3.216857
