3.500227
11.06214
11.55713
4.507219
0.5629788
1.127343
4.786674
4.153504
5.086613
3.782856
1.677074
6.982824
1.142381
2.746556
5.189303
-1.972188
4.385185
-0.04208014
3.490182
3.328243
10.34107
5.380904
2.121645
3.386075
3.733971
13.1425
-1.094687
7.317181
5.410791
6.191063
9.744989
5.044793
8.134868
2.744892
10.45988
14.53384
4.455071
5.15881
0.5204567
3.1711
9.636711
-1.167324
5.281026
11.65927
4.330306
5.017719
2.587822
4.718916
8.812076
3.819988
6.68047
2.562672
11.0075
3.162584
3.049138
12.52806
14.31924
9.528326
9.03593
7.133659
10.89813
3.155478
8.011749
0.8217985
5.971189
4.912499
2.506961
9.774459
3.72032
0.9577487
8.718934
4.628454
4.234772
5.147565
13.48548
5.150131
2.088904
7.159066
14.46843
1.007242
2.651434
9.77627
2.273703
1.752794
6.401257
1.610222
5.416369
3.850357
4.042829
8.638553
5.047285
10.33461
8.748709
2.338252
4.14186
0.9087024
0.053647
0.4209021
3.834149
5.866478
3.121352
2.610154
8.547428
14.36378
8.668987
1.102626
6.468619
6.104625
12.19549
7.760764
-2.760407
4.772418
9.574565
1.313909
0.7383615
2.478939
6.966423
8.442122
1.847024
3.7866
9.266175
2.03636
-2.626284
2.25471
1.751503
4.920148
-3.079502
4.123064
2.474869
5.554827
6.662207
3.322946
5.314261
14.13763
5.2459
2.831486
3.577735
4.303059
8.555222
4.960647
8.862447
11.79277
6.348714
2.14767
9.649944
4.853345
13.092
14.39844
6.678668
2.24939
1.583191
6.127637
4.584294
5.019576
6.141239
-1.911854
4.475717
5.835859
5.966988
5.619409
8.286234
3.874094
-0.0943246
5.43906
-3.300589
1.564863
7.88441
0.1455821
5.015659
5.558367
4.360457
8.630268
2.177494
9.379755
-3.744757
14.52368
1.473058
3.480952
7.793442
2.408104
4.77448
5.964242
5.937696
4.365446
5.664316
3.764396
4.471554
8.015984
1.621023
6.856886
6.196828
6.485619
2.828422
10.80842
2.381452
1.977508
13.38916
2.281316
13.95717
1.769811
