-1.586211
15.89972
4.530771
6.988439
14.62102
9.380129
8.392331
9.511672
7.162368
11.55112
11.90205
3.635623
15.8126
5.439111
15.72349
5.091362
14.07078
10.35399
15.76041
14.09367
15.88883
15.98334
11.67267
8.500846
8.72854
15.74059
9.135963
9.331921
15.66963
2.388608
15.51169
15.67876
12.46537
6.870519
3.42876
2.485971
14.62484
11.02647
6.497507
2.550104
5.553015
11.21761
13.40427
6.0568
11.16957
11.78084
3.182948
7.99411
13.85473
1.792132
12.13578
2.567945
3.696125
8.054461
10.84728
10.95089
9.44055
5.412832
8.317514
15.63181
12.12359
-2.151258
7.835698
8.043221
4.355947
15.88646
9.534396
13.43955
9.715527
10.40689
15.56326
13.42661
3.607579
11.75497
14.38021
10.37786
1.61615
5.54058
3.452425
15.89121
12.2508
5.768486
9.852715
13.79317
8.390378
6.925917
10.83258
12.07915
15.09741
7.337008
10.02581
7.905623
10.24937
7.516989
15.17467
14.82801
9.931763
10.26876
15.53847
13.2325
9.060953
11.79777
4.038434
4.546014
7.437242
14.68081
9.685778
8.335272
1.888749
16.30641
11.96122
13.41747
14.14186
15.50881
8.895089
12.39551
1.244818
9.967732
0.9737847
13.75817
4.62759
10.34309
12.76296
5.645756
0.4610334
15.45361
5.544339
7.100724
9.972468
2.162002
9.650982
-4.408249
-2.815659
10.3437
11.37705
0.737353
12.87732
10.30066
12.69751
7.474544
6.144943
13.86138
4.395684
7.466979
4.972419
12.7358
9.130523
12.63143
-0.1313032
0.3774402
8.198939
6.425845
2.622326
2.945405
11.95373
4.393118
6.642846
8.810645
2.387488
6.969342
15.6499
15.6203
6.292386
-5.100419
14.46617
7.159346
15.90899
5.241546
5.945937
14.4721
12.6837
11.36266
13.95057
7.227413
0.1190838
7.66102
15.38276
0.157213
5.185281
2.490256
14.28848
7.375925
4.838856
7.700904
15.21366
12.31465
15.37175
15.38846
13.73815
15.94481
3.937001
5.752851
10.43461
4.013023
3.002761
-2.023595
9.346779
1.355859
15.31819
15.92598
