-2.971986
3.018028
7.501302
2.085808
7.426895
15.23451
8.379778
8.891843
0.2282139
7.573165
1.779322
-4.193387
-3.233173
6.151012
15.64912
2.18967
2.773921
5.456885
-2.492286
10.0617
6.61899
11.35011
-0.5800138
0.1697289
5.791023
8.738805
6.379041
2.321092
2.269342
-6.137721
-2.609688
2.874283
5.610962
-0.9751849
4.810085
4.414099
11.90256
10.78598
0.1950562
4.286046
11.41352
6.643541
4.42776
3.954478
2.792862
15.31268
0.8258744
10.32127
-0.4588254
-1.254013
4.933086
1.072871
2.01464
5.540659
6.889366
5.728766
0.4627498
2.006105
-0.2838696
8.709858
3.897979
5.745476
5.319208
6.673612
-2.935174
11.05324
5.774151
2.659967
16.51188
-8.136614
5.618618
10.3811
0.538497
4.451039
1.592986
7.622178
9.612957
3.523665
15.43054
0.7180205
13.91256
4.925748
-5.303492
4.910994
5.829588
3.432912
4.957413
-2.042553
3.303163
11.81757
4.082392
-0.01475098
6.065466
0.3296963
1.863179
-2.809147
2.570538
1.001721
9.484532
6.677835
1.195526
0.507934
1.563151
4.5877
16.13469
14.20654
16.00667
12.63944
7.21861
-4.541117
-0.001308851
8.041046
10.12406
3.887439
0.6348553
10.45089
-4.518123
6.222594
3.020006
3.173862
1.4814
3.219365
-4.602727
-0.917076
4.967257
5.291058
0.3664831
13.20664
14.13241
3.315901
7.71013
10.29204
13.86065
2.76695
14.0732
13.65361
1.151959
11.17469
3.106907
6.878971
8.824801
4.083573
3.989467
-6.356193
5.88163
3.943079
4.926471
12.89517
2.871759
-1.124352
1.208403
12.65167
3.874077
16.48205
4.81659
2.077971
9.934424
1.643238
-5.072438
2.965109
0.2130462
1.664514
9.638687
3.431759
3.834886
4.606251
8.473983
4.698181
-1.619051
8.769212
14.59927
12.77037
14.30252
7.444797
10.62428
4.03196
13.32956
2.644315
10.03158
2.533369
6.190388
5.15352
7.432552
6.293715
-2.023887
7.799928
7.743903
7.572767
8.295526
3.087423
2.8025
0.6129417
0.3325293
9.308137
12.22936
15.6263
8.826639
4.032059
-9.192977
2.870877
