8.473771
0.3770698
2.677231
-0.5030767
11.45483
6.205019
7.43965
0.544579
-1.146936
-1.963843
8.26903
4.032901
5.567372
6.621454
1.429405
7.875671
7.419641
2.903908
10.92947
8.637588
6.546502
13.7346
6.793341
-4.656088
5.457652
2.469671
9.07062
11.52669
3.996417
2.93834
-5.921597
3.776074
6.349125
5.592769
4.027829
8.878964
-2.485772
9.104294
0.009001182
6.902165
9.155195
10.79953
1.76487
7.474606
4.725822
5.002592
10.45843
3.98836
12.23872
7.180594
2.345134
7.451937
7.132942
6.724383
12.50445
14.59266
5.422102
7.569051
2.220996
-0.2888235
4.227993
4.587516
4.000602
1.651083
-1.296194
2.453483
12.6628
3.259072
2.365609
5.156667
1.339478
5.546932
8.610634
2.852908
4.10679
11.91387
7.114948
8.706759
9.13192
8.164713
5.347852
3.066576
5.896765
5.369699
4.862936
12.14072
13.87672
8.485098
3.8072
-6.046535
7.680867
8.647463
6.570019
11.04785
5.095148
10.33185
0.237633
5.999883
3.668697
10.91884
5.920634
9.539421
6.081947
7.588598
5.323021
1.613744
-2.215169
13.02573
8.705567
3.952001
4.994417
2.816318
2.109927
12.01058
1.512698
8.136532
11.37236
3.691745
2.406257
12.85108
-0.4021893
10.71137
1.106521
-0.6575127
7.092876
5.761155
12.01417
9.551634
2.004874
5.479437
5.24616
2.419835
9.108178
3.059422
-3.784733
6.701653
-4.732458
3.03339
13.59644
6.411603
-0.386034
2.744775
0.5899672
7.84466
4.670874
11.39143
10.44312
4.27745
13.78823
5.395046
3.05669
5.11965
6.331924
9.322044
10.04009
9.2161
8.086805
13.81137
12.29146
12.68084
5.779503
1.431863
5.107413
14.29074
2.010372
4.939541
8.441677
10.42661
8.239784
4.472898
5.120311
14.66282
4.027858
4.626738
10.44264
7.767578
-1.52924
6.445084
1.883223
4.335676
13.99361
5.676071
8.852498
3.248847
1.405641
2.419605
-0.7527229
7.033039
8.358097
5.322263
3.932567
4.539065
8.170909
12.89183
13.24135
8.246911
8.023114
3.635291
7.58406
14.29632
