4.39696
5.482644
9.944512
12.54901
9.3564
12.83846
12.486
13.46838
0.6222059
5.97264
0.4478641
1.735052
13.86322
12.96606
11.79381
9.114859
5.972807
5.282386
7.641934
10.26482
3.461426
9.760271
11.2662
13.6506
12.81963
11.41252
7.381403
1.998404
2.355551
9.069056
9.117042
5.807563
4.367239
8.268847
6.358957
12.8127
4.491671
9.789823
11.31365
9.354924
13.40169
11.74828
10.78788
12.1383
6.41826
11.10288
10.65554
12.42796
9.846743
2.754007
6.787583
-0.1340557
6.863159
1.728489
8.105687
5.423209
6.135765
11.33201
9.214881
7.747217
13.51516
9.463292
2.526174
13.645
7.353825
12.46095
12.08253
10.18723
10.72448
9.584435
1.774578
13.46481
10.54953
7.865571
11.51871
6.27348
6.221463
6.721841
12.31517
8.558837
9.217342
4.626284
10.40545
3.502879
4.465634
11.87808
3.764174
7.449167
5.097755
8.569333
6.14656
3.144301
10.24222
5.369569
13.53674
12.70063
8.927177
12.21131
-0.611531
6.560222
11.32503
2.780698
8.38505
7.197055
13.4436
7.526325
3.43922
8.59561
9.699945
4.775912
8.338444
11.53885
6.652645
9.853879
10.52266
4.084845
7.302177
0.5000351
13.90594
5.463833
8.259234
3.435062
8.883232
9.244498
7.119442
8.505272
5.730077
4.82136
4.11974
9.797892
13.35429
13.07228
3.655726
13.2806
8.160059
6.272396
3.924802
2.51784
5.763011
11.10538
5.855407
13.72517
13.16795
1.865096
10.86825
10.87285
5.740744
5.521742
1.124898
10.376
13.64954
10.7916
4.70691
7.523405
7.623768
4.864445
12.05236
5.945859
13.82394
5.755865
7.455472
4.942174
13.88432
9.789767
11.52862
2.19699
9.08198
3.727445
3.254002
10.56938
7.992914
1.975465
14.28598
7.104598
4.324505
13.77163
6.487159
10.11939
11.60538
7.321104
12.93272
4.474103
11.94895
3.629713
7.703706
8.761917
2.382747
9.630976
9.415113
10.71751
12.81763
8.630946
11.47037
11.66321
8.775053
8.925587
7.843995
3.439229
2.595368
8.916111
