5.044622
4.044854
3.819832
6.821109
8.27563
5.848251
2.271296
11.31557
5.134607
-0.6798314
7.830076
5.562046
5.995277
4.900903
2.319027
4.4143
4.974266
2.892683
5.766846
2.197654
5.80803
6.90427
8.706343
3.449477
8.968943
13.55421
9.650658
10.79
15.51256
6.396492
9.057658
0.05243955
7.490576
4.876107
4.141515
6.081081
11.18617
-4.04694
0.7658564
5.511646
3.118105
4.112603
15.31323
8.058721
11.69553
7.907785
1.403339
12.94699
10.79355
14.72224
5.454995
3.814419
6.960676
8.875769
4.2229
10.10227
11.19283
1.822546
6.971016
3.18598
7.405077
10.18071
7.314824
2.477953
12.45711
5.064977
3.573289
6.772009
4.727154
5.295627
8.213163
-0.2389752
7.928878
-3.693265
-0.8940578
4.75162
5.193996
3.528399
9.774476
5.310458
7.030097
-0.8641326
3.092706
-3.273821
7.508784
8.582941
4.669438
5.807572
1.947195
13.57632
2.505977
4.911383
2.727777
2.785391
-5.857256
9.046132
12.58215
4.045227
7.059862
4.304531
6.952652
6.793083
-0.3342307
6.656179
4.368743
1.977488
6.73326
13.90441
0.627496
6.695469
10.98719
13.09832
8.470991
1.964476
2.755852
4.028622
12.0404
4.947743
6.195082
2.185037
10.57505
8.792336
2.364254
5.914888
0.4717302
-0.05298296
10.67107
8.871566
6.795897
1.552445
14.30706
5.857968
2.122485
8.062237
5.990267
9.652337
1.911515
7.199755
0.4353339
14.8148
3.749751
9.984778
9.856924
1.284878
1.671574
4.609916
4.497833
2.5651
4.667585
10.02246
0.2773856
11.49432
3.798056
4.266754
14.80341
5.066564
6.562696
2.977431
1.927098
0.9748569
4.352898
12.71516
1.733422
11.7579
7.436614
2.92837
12.26409
5.409236
9.855424
9.564699
5.241479
9.338437
4.800152
-0.1009466
6.70769
-1.633713
15.24634
8.313777
3.289688
-2.731486
8.249525
6.558206
0.7811413
6.711755
7.852545
1.345428
3.295
4.913383
4.416753
0.3665371
2.082094
4.537716
-1.717241
4.922358
3.920733
0.2805433
6.464116
6.167985
2.87987
2.667297
