9.368251
8.596084
1.151026
4.674848
6.263972
10.92577
5.704632
2.869751
3.236501
-6.857205
2.373253
0.3147941
-1.387942
2.192786
5.895257
-4.726633
8.675713
7.237969
4.633781
10.69553
5.481064
9.572346
3.1482
7.698305
4.199542
4.161077
5.927783
9.540593
-1.166677
4.987369
3.218088
-4.640372
5.380583
3.141321
0.8920378
8.296278
-2.721229
7.312005
3.404031
0.5615528
10.04795
1.543199
-0.0654945
7.511035
-7.983502
9.533163
2.378284
4.126256
5.63558
3.458442
3.128293
2.383722
5.124774
4.454292
0.3317713
4.983075
0.1578829
6.082107
8.49947
9.173111
-5.995591
3.733494
0.8666883
2.501444
12.08066
12.17016
13.12603
6.356321
4.94188
11.6398
-3.136866
3.267473
8.021337
10.06865
3.159396
8.400304
7.954783
0.6241637
3.869174
1.658746
-2.820824
4.217725
5.299406
5.235816
1.74615
10.20221
4.932252
13.73483
7.906557
1.390937
-0.0009023144
6.84274
1.765244
1.7363
-5.429382
3.744361
13.8656
4.860144
-0.1754045
6.629052
6.152612
6.281531
5.315209
4.175904
6.992096
4.622087
4.912847
1.728056
3.22345
3.183202
0.583092
7.336308
0.2732552
7.581658
-2.506703
2.306645
7.222411
6.328423
4.316318
3.15747
7.389359
11.81847
9.504142
3.427191
1.431481
8.944713
10.92416
3.670316
7.578184
4.44323
2.134903
1.411021
12.77955
3.555039
4.063621
2.623084
10.94014
3.012302
7.367075
14.85219
3.427107
10.15307
4.859801
1.053243
8.956516
5.191403
-3.679151
5.414189
5.951401
10.13909
-1.289708
2.804464
2.317863
6.156227
1.55401
0.2450633
1.855171
4.370432
7.507947
4.751547
0.7474259
10.36858
8.199703
1.155026
-1.635607
6.900309
-0.4423449
13.12907
6.351553
6.201881
3.015123
6.632315
8.080203
11.0786
12.06911
0.05647799
9.922375
1.544598
-2.444526
5.868769
4.831552
-2.800355
4.784687
7.857202
4.248243
0.3231943
5.09865
3.485026
2.597602
3.29493
13.07102
5.598837
5.109729
-2.482685
5.011775
8.260427
-4.725297
9.576935
13.18895
7.744989
