12.98072
9.864165
8.990454
5.283928
11.75531
11.79383
12.75456
11.93119
12.95725
9.852279
10.57949
13.4489
8.689476
8.328794
9.723433
3.133129
13.30789
13.26291
8.335414
11.04201
12.39252
3.876482
5.946127
12.02919
4.664917
2.535937
10.79665
7.655143
4.026929
11.8705
11.21164
12.17421
8.170864
3.756733
6.882426
-3.865592
13.00502
10.21494
12.57382
5.956782
7.184339
12.62515
11.32422
4.167049
11.4538
9.744242
13.31136
2.014249
1.807901
-1.093466
7.022656
12.65046
8.826083
6.905635
11.73947
2.137893
9.418639
10.32965
11.39236
11.40003
10.06356
10.46536
0.1197081
9.144306
12.1976
11.12607
12.025
2.531124
11.89958
9.194363
10.75128
5.161523
4.072365
11.42185
8.159695
0.14223
8.621563
4.98817
8.282252
12.45593
12.92979
12.84056
3.834672
7.70103
3.597146
13.08802
11.32784
5.995011
13.0987
12.90613
10.64658
11.18278
4.823065
6.946754
11.50358
7.475266
4.560134
7.912732
7.904942
9.287257
5.168465
11.93449
7.275192
10.65993
10.79997
12.24219
8.916267
12.94406
5.847799
13.52289
12.39508
13.10611
12.0356
8.931307
8.906924
3.929584
7.530961
2.153327
13.78491
12.52559
-2.26232
11.75929
9.43028
9.878453
6.91083
11.60654
9.236094
-1.016167
10.16898
8.548385
4.325855
5.018446
13.47148
12.55734
13.08115
5.695261
11.95962
8.034593
10.11455
10.06325
12.48823
8.661716
6.638576
9.879351
1.603004
0.829923
3.377239
10.72302
9.52224
8.36572
10.31995
5.9862
13.90788
7.640354
5.956622
10.07249
4.963637
12.57456
6.042316
10.67297
2.928467
5.488422
10.44016
10.44156
10.73973
5.911182
9.496091
6.381119
8.755047
7.185015
8.912006
13.21021
10.16015
10.95747
1.238168
4.20708
12.01802
12.26076
11.97511
2.537252
13.53555
5.085136
11.26554
3.645104
6.675828
9.774347
11.6634
3.413971
6.735782
10.00168
7.252907
12.73313
10.09669
10.37416
8.692635
7.768168
12.37917
13.36613
9.257588
3.293364
