12.38298
13.89668
10.12955
7.942988
5.257144
1.691814
13.48468
14.33694
2.19317
7.30564
9.341264
12.85424
11.53115
11.90988
6.38019
4.85064
13.25744
14.10478
9.460506
14.45367
7.342158
11.9275
10.5288
3.367936
10.73961
12.44842
14.65666
9.641292
10.93138
9.881761
5.867308
12.20071
12.50791
9.685065
12.40328
8.390788
11.40384
13.29276
12.24492
4.049125
12.85841
4.364565
11.95427
10.99081
14.329
14.23487
6.798647
8.798167
9.651701
11.86557
8.828986
11.38997
7.089572
12.77925
12.01031
7.725084
13.78979
10.41873
0.4229239
13.33768
14.22976
10.78011
8.347467
12.42802
7.669157
11.83212
11.37108
12.8403
9.114272
12.07486
11.55051
12.87229
10.36665
12.8477
5.620779
10.69037
12.32182
10.33909
8.707993
13.29384
9.535721
9.765388
9.985932
9.368374
14.52714
4.703238
7.243031
9.339043
9.671421
6.933204
7.339355
5.755119
8.62076
6.768759
11.68268
5.282074
11.50395
15.14073
12.6862
8.748616
11.9291
6.411315
14.24352
1.875075
6.915236
14.20658
7.090077
-3.116885
11.63066
13.4236
5.250777
13.93599
10.75229
6.527421
13.93493
8.191115
11.21903
6.895677
9.139865
13.17671
13.66184
10.41098
13.87944
13.95181
7.718093
3.723861
11.17717
11.13048
12.10542
11.48664
14.71336
14.0398
13.71136
13.35653
10.61821
12.68071
5.147535
13.91302
4.108685
10.63981
4.768506
13.36062
11.36554
13.91061
10.4062
2.974373
7.102868
8.956912
7.178822
10.51519
12.97682
14.68092
8.02469
8.010264
9.129203
12.62446
12.43555
11.23443
14.73181
1.789321
4.751996
13.28624
5.858727
6.240897
8.461212
-0.2350371
3.980771
10.36967
12.73987
13.09356
11.81489
7.36473
12.35159
14.72328
12.28905
4.237138
10.72504
3.704484
12.94844
11.93283
10.19009
12.05308
3.781099
8.2374
1.830111
11.92747
9.001183
8.306691
9.632911
11.82975
9.761548
5.795466
2.186773
10.93635
6.286684
7.9808
12.39239
7.179222
13.64001
11.26058
