3.647777
0.7180454
4.181391
2.701601
2.558323
3.072686
2.988148
-0.7390774
-5.020778
3.822653
3.269905
0.6251382
0.6789552
5.664972
6.099714
2.887533
2.608918
-2.857776
1.687373
6.103926
7.191982
3.296585
3.362731
5.785608
4.884537
1.641062
6.621907
5.409778
5.955759
2.662239
1.79163
3.901987
2.552255
10.77512
2.377018
4.697829
4.847905
4.787217
3.746634
5.551548
7.895798
2.934672
6.083841
4.581719
-0.1645221
2.594091
4.740835
9.545042
-3.406101
-0.08465616
6.690367
5.030756
1.611455
-3.263492
7.99141
5.896705
2.904903
0.05358164
10.21953
11.14863
-1.245896
-0.4261063
9.623564
0.5471475
7.354343
3.128318
8.493524
5.169961
7.77364
1.777907
3.534749
1.569344
7.735875
4.09605
7.407825
3.203912
7.104878
0.4798545
11.05817
1.406598
2.49646
9.879382
4.569568
0.3631244
8.784236
2.446227
6.127165
5.648923
3.271036
4.781388
5.422482
3.645635
3.497872
6.257682
-1.891866
4.959595
2.16193
-0.4256919
3.816769
7.603581
11.24902
3.417633
3.04588
0.4043851
2.242736
1.644308
10.55679
3.94966
2.508241
4.994227
1.335748
2.674683
3.701831
0.02857146
1.392812
3.538322
1.250835
1.061289
3.670742
8.706182
5.949455
3.265071
5.225874
8.990787
9.226425
4.63161
0.2572801
7.695424
8.854919
5.831692
2.693846
1.913248
4.777246
4.853243
-0.2146843
3.166072
0.3990708
11.05628
10.30104
6.720178
5.989426
3.701144
3.720509
7.118892
3.869505
2.537132
6.726766
8.002951
0.7622107
2.212049
2.466874
1.182905
7.411433
5.718704
6.795138
0.2290738
5.813046
5.194878
5.275226
2.040132
1.057424
-1.632728
3.779287
-4.242471
-2.437967
-2.438645
1.094667
5.394582
3.511982
8.094052
8.318871
0.4738021
6.038303
1.322518
11.61592
7.820593
4.797012
4.491019
0.4222104
3.71658
3.554838
1.424955
12.16632
11.30804
5.416893
3.98218
7.398418
0.7044607
9.264193
8.56411
6.50968
7.143697
4.244811
-1.949034
3.234199
2.327046
4.995532
3.553573
3.3348
5.829806
