9.255217
13.24177
10.69901
4.493868
8.403158
9.58449
12.99213
7.033377
12.99502
11.5846
13.04688
13.42453
9.766029
13.22214
11.85507
7.67719
9.639684
12.58036
4.389513
10.41886
6.561692
13.01987
12.35706
13.42724
13.42206
10.41582
13.09981
7.112772
8.502274
1.452697
11.18371
8.399653
9.626084
10.03709
12.94181
10.11196
12.50548
10.10572
12.54316
11.70402
13.06175
12.61301
12.12429
3.244765
8.622034
10.54916
11.32273
5.188342
6.405575
10.85449
13.73872
9.594568
11.19584
11.82246
11.66094
12.90087
13.25006
10.51176
13.31673
9.309047
11.76557
9.619457
12.93472
12.07344
10.38007
12.53798
12.20256
11.01245
10.7222
10.99866
12.65818
12.66671
12.9858
10.92209
4.355368
11.08343
12.70969
5.758596
10.61487
4.155969
8.153747
13.44792
11.84791
11.96575
12.03108
11.45172
12.25184
8.640008
11.5493
12.20536
6.765765
5.945914
11.44174
7.734865
13.31225
8.652177
11.32003
2.175329
13.81085
11.83544
8.77378
12.36204
10.18433
13.25436
12.10518
11.37625
10.92592
12.04551
6.591512
11.31947
7.828395
12.80884
10.88951
11.88126
12.39285
7.435442
9.876933
11.55797
12.87571
9.844689
7.461855
12.80292
12.94339
12.36894
12.20228
12.04144
11.80985
11.09733
12.13249
5.987909
9.517468
12.20967
11.31267
11.10157
12.67703
11.31025
11.48365
12.849
12.40496
12.35517
8.053514
11.80169
7.950952
13.02436
10.8621
8.140523
10.29403
10.36535
11.49816
11.71156
12.12238
8.590174
13.57756
12.36918
11.9325
3.746753
11.61162
10.41642
8.457368
12.15823
11.61713
12.10506
9.571623
13.66864
11.60645
12.6693
10.6814
5.711172
5.955932
13.33986
13.56574
12.08726
12.81651
12.52611
13.34838
12.55489
11.3233
12.16379
10.32214
11.50065
11.69652
12.80791
13.91426
10.92471
6.633187
13.83679
12.41875
13.24347
12.55416
9.129604
13.63974
13.19439
12.18547
11.32263
11.45774
11.55422
12.39135
8.845953
12.97023
10.9056
