"Group.1","ele","slp","svf","aspC","aspS"
1,28.6787265825229,6.66201501892841,0.03,0.11195681945989,0.192827028540277
2,5.24019862359713,1.28996953867835,0.02,0.0332256694958251,0.0219245634329411
3,25.5661012637481,5.7238391609375,0.03,0.165253618039928,0.157026754458468
4,63.2053092784324,11.7506519002096,0.06,0.317860875985407,0.531591401509913
5,30.1651195230021,10.0019141181511,0.06,0.256473986460608,0.198155792533171
6,28.4969860276559,6.57269204561799,0.03,0.230508939777903,0.0529259788657839
7,15.7984941985789,3.18739042397099,0.01,0.0102802748221228,0.132857349006378
8,33.8264593529898,8.97380093494904,0.05,0.262485863798862,0.134787593350241
9,37.2774995870502,7.26477828462591,0.06,0.119082727587219,0.256904252285473
10,37.0744127291668,7.47619852233622,0.07,0.202761485985326,0.244985633002459
11,13.6089347453154,3.2036438012532,0.02,0.0102192806650126,0.119534134359356
12,21.2266705769899,4.20580843402845,0.02,0.0340309429589277,0.159103843482888
13,36.7908863134551,8.00220223292727,0.06,0.21656976753726,0.231344603617736
14,25.4533192101551,5.68468298672732,0.03,0.195595110761765,0.110126362758449
15,18.5570418296514,4.64718506165466,0.01,0.0160876507267444,0.148893816999825
16,34.424089718962,7.50655381748443,0.04,0.0735591678889015,0.280453393234215
17,33.9905604761577,7.80107846540864,0.05,0.292454676368752,0.0674331254211713
18,15.5945140273249,3.41325950944356,0.02,0.025358778073697,0.110736012226315
19,51.7807084449812,12.9511179432696,0.07,0.354676997386118,0.369597768737278
20,23.6703410184255,5.28294773614986,0.03,0.170336231191873,0.104697725039275
21,39.2771897038735,8.18391269124569,0.07,0.223746693210886,0.269641864784636
22,15.5205281419795,2.96301991824454,0.01,0.0717870732452938,0.094601433513894
23,17.4705747642679,3.71535442211495,0.01,0.0424071096425466,0.116735762495749
24,16.3410033683192,3.22433738819393,0.01,0.036650810844418,0.135214720417111
25,21.3222627758311,4.54263158323831,0.02,0.185278101196028,0.0432745656672814
26,27.360131858926,6.22123881592584,0.04,0.218668059782653,0.103692983289231
27,15.6478394293733,3.67697107459897,0.01,0.0614882599042526,0.117616541621031
28,35.7094457452901,10.9863675446955,0.06,0.366712165730093,0.106766010110102
29,33.8572553382941,9.92130814108101,0.05,0.0600856592567889,0.319634051085299
30,74.4553010604158,12.1668683305384,0.06,0.735016345539985,0.658233020219007
31,23.5740958879375,4.78975078819486,0.03,0.201827738904856,0.0421320839204792
32,32.9836038903637,9.10022813047704,0.07,0.0550660562041271,0.304515589396862
33,28.1929501585762,7.3288122021126,0.04,0.222598483838469,0.155785975016194
34,25.4204246101099,5.66431670319436,0.03,0.162666491460829,0.15042923434834
35,16.2499445471335,3.46114169867514,0.01,0.0947899389779276,0.0866668156084569
36,25.4390892929874,5.77925952416836,0.03,0.024575592203453,0.219050493070134
37,17.40005133394,3.72440262894668,0.02,0.112202689976454,0.0915365455647061
38,31.4688420668616,6.42140939041853,0.04,0.12574879439494,0.224521300298179
39,15.1944390394319,3.51108714472414,0.02,0.109688244676797,0.0271180909547578
40,21.3511686142137,4.15875503478489,0.02,0.176839770503198,0.0165099221237245
41,15.5254897659741,3.22536190307164,0.02,0.046695921106795,0.11290779788827
42,17.2774582212164,3.33786470730168,0.01,0.0560389037394113,0.115413404049044
43,21.6840509096325,4.91960623165255,0.03,0.0549617336122994,0.180748610995189
44,48.3017770973806,11.6932849526212,0.06,0.516393018745022,0.202082424922921
45,43.4385140731885,8.29692235376777,0.07,0.121360979415182,0.33566453891691
46,25.4779901962673,5.20246597496801,0.02,0.218784804783933,0.028618142965938
47,23.7129205326063,5.40301193603,0.03,0.213968905108492,0.0244657937386468
48,51.6472280937871,10.7284732646579,0.04,0.414926954969084,0.224595932959545
49,37.6719404292471,11.0615005854086,0.06,0.363372154772597,0.0708218317745409
50,35.0896897254808,7.91619459954485,0.06,0.271952596373911,0.15441539052701
51,23.5212253584768,4.19399211195839,0.01,0.137985138773761,0.0690295761706155
52,27.4023373336542,5.71379306957879,0.05,0.0493824487354363,0.244200351208805
53,17.6905663393514,4.13131272068551,0.02,0.0727951760868575,0.143785284969294
54,19.1010479008032,3.80908914447898,0.01,0.0554773056362323,0.128316889160819
55,17.1380654204901,4.03164422676788,0.02,0.0966499456691624,0.120626435177812
56,20.6858569684287,4.33274967735638,0.03,0.17732114481187,0.0462352499610488
57,15.6677518347218,3.07031820331345,0.01,0.11840965072708,0.0757849107874287
58,27.6619901884724,7.35614494571634,0.05,0.232743864125868,0.0485682705280582
59,20.3906101636933,4.38310267535624,0.01,0.0714236454921154,0.158437546107742
60,33.3595314171669,8.02068402146417,0.04,0.135353921686095,0.248080156603052
61,17.9679421593682,3.51681840992143,0.01,0.137308165901665,0.0428299536059356
62,30.5763276044828,6.46942265905298,0.04,0.0767075063848947,0.219463857366475
63,15.713168722828,4.04074899430943,0.01,0.144926548639172,0.0152522165336629
64,19.1154957960016,4.44041189506625,0.02,0.152079160506527,0.0930253976603565
65,27.5868079070366,6.17987441771732,0.03,0.191142750070063,0.130270339751008
66,15.4003009046922,3.58158287832475,0.02,0.0972713278393952,0.0761792517514745
67,29.9870432573233,5.97306757070128,0.04,0.181178117779506,0.164602460508111
68,20.9054452375562,4.79712914109414,0.02,0.167985704170085,0.0153083123185336
69,25.7068807608097,5.68174234634259,0.04,0.107398484343321,0.206213749021634
70,19.1488264097398,4.49334932172239,0.02,0.0954536767818335,0.128659763665591
71,20.92610916649,4.18242191738551,0.02,0.0666229347217687,0.158323027941365
72,15.8628539222569,3.12210109537221,0.02,0.118221561082509,0.0223275745635077
73,14.7112084721542,3.55952910126173,0.02,0.119799584167027,0.00771391380272347
74,28.2056063864331,6.34534777518155,0.04,0.0351179455664454,0.219343117681521
75,42.0525397114745,9.19237046281757,0.07,0.193354508296615,0.357021150956949
76,25.8439421640841,6.5215017819314,0.03,0.217190137406193,0.0572028885503101
77,15.911574931876,3.47844040248083,0.01,0.0092808086110197,0.128015682749772
78,42.5493959953893,9.76042873899283,0.04,0.393608608363186,0.110767266319938
79,22.51662869465,4.7539578090629,0.02,0.0697306868252611,0.17402968967966
80,36.8632408047426,11.9677682602068,0.07,0.233018146539807,0.32104000738479
81,40.2886535380207,8.94545655514452,0.06,0.252365490379538,0.211075307033917
82,8.26098706551008,2.28100793387811,0.01,0.0590421630363272,0.0375682847427337
83,24.1996754305635,5.62448330069759,0.03,0.193021890977748,0.0327649654962824
84,20.3823254230048,4.76514454635375,0.02,0.0678862734067198,0.160445864660873
85,34.2811296402517,7.29678577803806,0.07,0.263712466700463,0.18125422319033
86,20.2515267639469,4.08779578322847,0.02,0.0796108756959977,0.134016893339547
87,17.1974169175262,3.57966131503655,0.01,0.0171775344704837,0.146593549372434
88,31.253056226118,6.52626189383139,0.03,0.085097797314233,0.238173386905953
89,18.403307757998,3.86347690143638,0.02,0.103487886697939,0.103073168674889
90,20.941015607748,4.14545274803554,0.02,0.123110383273409,0.118423236165863
91,36.748770582618,11.4745209354773,0.05,0.0988405459844743,0.371601197194146
92,39.1552335036583,8.38438767660401,0.06,0.102800991631853,0.360917441819084
93,19.3418920927511,4.25214627778318,0.01,0.119784058800558,0.0966453955974156
94,31.4630682001628,10.9400562013634,0.06,0.227389757835143,0.216574083856782
95,16.5044957386107,3.63584205512694,0.01,0.037529751296434,0.125436580029247
96,31.3945060803979,7.10497896267951,0.04,0.126578066046439,0.245599285654822
97,22.0477624556025,5.05776521804312,0.02,0.144676024991084,0.0975798543588395
98,56.9450442192668,11.8897069803016,0.06,0.272416399776866,0.504778716309751
99,22.1533350567385,4.11166712389159,0.01,0.186620169561923,0.0280041610252474
100,17.2957927730314,4.06905666544905,0.02,0.0354748345716679,0.125119198796679
101,32.2620794189063,8.23267615101509,0.06,0.261362484843362,0.137946426606612
102,28.2172722942576,6.43222153260064,0.04,0.0320267692010245,0.204164169895315
103,31.5088898776218,7.74312771637407,0.04,0.0567020687651767,0.2334416813935
104,22.4562655299546,4.21481825034554,0.01,0.161081488067258,0.0895798278869941
105,18.6443414700998,3.72405753483572,0.02,0.123555600362342,0.0562632611758446
106,32.8860008078044,7.3554855743603,0.06,0.198958248720037,0.164182436611052
107,21.7696133519951,4.37829769026276,0.03,0.072339098524855,0.15760729663711
108,16.9662229668114,3.58616294082569,0.02,0.0675110525541711,0.116913836204454
109,38.973342033296,11.7645234103977,0.06,0.205345085001414,0.309577576113764
110,21.8696495004724,4.58426632477062,0.01,0.143087010607885,0.0958830575238421
111,35.297951635086,7.91627878007916,0.06,0.263516493658402,0.161866162496785
112,15.6196998851522,3.73776682211766,0.01,0.0524248467486108,0.113108962218579
113,22.5242449595532,4.89855412645694,0.03,0.0629249802662566,0.172047419479975
114,18.7724445839205,4.05828067185088,0.02,0.156837779711806,0.0173495940435676
115,22.0055003706485,5.1894410852114,0.04,0.179716592713532,0.0314703968406499
116,37.5545440568474,10.2739659390812,0.05,0.122697178883484,0.329239690096397
117,35.7373050525022,7.19481363010772,0.06,0.228719801572153,0.239382795959768
118,19.0105464368088,4.02412954319408,0.02,0.140606050270639,0.0356937512810573
119,15.4276462888618,3.83539424356607,0.01,0.0748119178684696,0.121214923046127
120,27.2354384715755,6.03652794250019,0.04,0.199397590121143,0.123050299161881
121,41.1594730082644,11.8919946677818,0.07,0.309398806340914,0.177829522881657
122,21.6665237187509,4.92427811883168,0.03,0.0296268407388607,0.172668748293046
123,14.6545843277661,3.40127910290851,0.02,0.110615768804359,0.0509578215999045
124,16.6550004600572,3.74150372696583,0.02,0.144709135090108,0.0196747384877697
125,16.6641416848496,3.74574531920427,0.01,0.11540447675942,0.0462070232802574
126,20.4996276774511,3.96298825300252,0.03,0.121437803296736,0.126541538795321
127,20.1659768176528,4.21382771012922,0.02,0.12893767987155,0.0726219443809812
128,23.4734306910789,4.95053863019002,0.02,0.130737073311915,0.167807562438354
129,17.3547808374957,4.43924533475118,0.02,0.133845021619664,0.0660606409980144
130,41.4492312967094,9.27433570540867,0.05,0.108374846401874,0.370924292323009
131,31.9286953910637,9.64308602914106,0.05,0.10517474782361,0.277143660160146
132,25.7401821923814,5.05940520132251,0.04,0.225294690968372,0.0279690368443779
133,21.533058268391,4.52986046811898,0.02,0.154427146826838,0.0913916739606785
134,20.4900528135665,4.51909652400693,0.02,0.0140448036157734,0.156419498028487
135,14.3509997018636,3.59948325692914,0.02,0.101620354524408,0.0728411682783876
136,24.0752510048304,5.91434885693448,0.03,0.13356287472214,0.168597142246177
137,23.2030040609875,6.03009432827078,0.04,0.146568584780405,0.123982684524764
138,14.3061024514199,3.04389491004586,0.02,0.0785036528054916,0.0970775501815651
139,19.0572815691029,4.41845148429393,0.03,0.0966196619479658,0.146849723398074
140,11.6702013260289,3.96427741865125,0.01,0.104240826627824,0.0690074276152453
141,33.6321035530077,7.90827655481282,0.06,0.0603611118539072,0.287061874428846
142,25.9324827269235,5.90756418300264,0.03,0.165702113307688,0.112775010905198
143,38.0996329749107,9.80447543674552,0.05,0.264193521750453,0.193545315119808
144,16.2496275560634,3.68771849028829,0.01,0.120569657795212,0.0627656164245541
145,28.0556966038854,6.66605830951632,0.04,0.132331096759613,0.195853217026917
146,30.8873141230231,6.64167789991381,0.04,0.29967893531367,0.100307523844336
147,32.1405809403591,7.27906676140178,0.05,0.238306753034355,0.134327170536441
148,24.3697983922986,4.9465594826004,0.03,0.0677533487550537,0.184310610854269
149,22.940899995729,5.02742423940465,0.02,0.0305468683546878,0.197022230511281
150,17.4883313140768,3.72413676595681,0.02,0.0324457105870784,0.136679439893034
151,27.8251898660751,6.0055457950674,0.03,0.0360611007258811,0.237125963221033
152,41.6832494657277,8.28994862211942,0.06,0.29111270032333,0.206955711271134
153,24.8105386399884,5.53801642987561,0.03,0.04381683275976,0.20657954817371
154,15.95283667551,3.46707437993139,0.02,0.0524190608045742,0.11340486626935
155,16.6850648987658,4.65052542426133,0.02,0.0972630538911667,0.096547979795896
156,41.0540826802836,12.9842708662648,0.07,0.192198774162847,0.349078338362915
157,32.256158271565,7.44256552190471,0.06,0.0369080843182521,0.263724953370482
158,30.513144874084,6.62472623129244,0.04,0.225835702537627,0.0791962306906391
159,34.609613500737,8.57525071593244,0.05,0.273164042403826,0.134242684471266
160,15.6556320865934,2.9886811733962,0.02,0.0931335821608309,0.100462171957624
161,21.9498066220584,4.17707153573055,0.02,0.158748503523808,0.125175668636125
162,17.7397253364748,3.74552831586045,0.02,0.129283878454318,0.0138522906829792
163,33.1186620794346,6.19790326489017,0.03,0.220664796399397,0.113715179539634
164,26.910931134836,6.04916204964163,0.04,0.195835912901381,0.0907435481766585
165,26.4548393672251,5.48415497116955,0.03,0.117020987990209,0.158570363298634
166,14.6149220107938,3.53850039870746,0.02,0.0260346594307964,0.121311996599448
167,39.9813269321404,7.32987727815616,0.06,0.226550366983911,0.279298946989611
168,46.4915086888355,11.390459448684,0.06,0.2515902449505,0.42009117874454
169,46.9020726900841,11.621185008078,0.07,0.359618685773501,0.236338360250139
170,17.2156465709668,3.60192671941218,0.02,0.0819891886448731,0.0925486041512296
171,22.8448343712823,4.11194875990258,0.01,0.108664829020358,0.127439273680744
172,20.3603646727052,3.74738725675135,0.01,0.0788597534903238,0.123589061072933
173,26.3912939725404,5.81448512166182,0.03,0.143391675581429,0.162818697177228
174,14.7328648070294,3.35604886005584,0.02,0.0684416837641125,0.092943265565035
175,15.0802652349105,3.61211355761793,0.01,0.143988272299693,0.0114141214538219
176,45.9683804192067,8.25180436144523,0.08,0.353239460552475,0.143183875469277
177,20.5936263784398,4.14971054411548,0.02,0.145125962286682,0.0766368417046921
178,16.5981324366775,3.72639492460093,0.02,0.00926971785114453,0.127116739578131
179,38.1590148920169,7.77909883644795,0.06,0.3106501610799,0.0996850244386963
180,19.1301108152183,4.43958991328601,0.02,0.156474996110081,0.021675925719741
181,21.2652872301904,4.47405482682577,0.01,0.0597341315264134,0.168365327267649
182,15.9014968686368,3.88258004643057,0.02,0.12792971090402,0.0396886954508974
183,22.3737139837039,4.14001643928424,0.01,0.0955869523709852,0.14526312237155
184,21.4173421346525,4.40291341767989,0.02,0.135378525118498,0.081371543145084
185,39.5087017725696,7.42201422926719,0.04,0.118649987279333,0.335844954684545
186,21.0442273451098,4.15984506419693,0.01,0.0205455184119534,0.176171332900737
187,24.1760496730976,5.54133394707427,0.04,0.148252864102247,0.150353066321258
188,20.2953867953743,4.62669270436766,0.02,0.0889122845905018,0.146131675486833
189,16.5699573146627,3.2330970204886,0.02,0.133424684984164,0.0319014739724743
190,33.3423790094049,10.7564511778874,0.06,0.274431597572547,0.125064207263295
191,21.2067300247839,4.29195017510426,0.01,0.120228248422853,0.11715545935381
192,15.9332901588291,3.01666839264208,0.02,0.113273769321258,0.0508121709224781
193,12.6260065855615,3.02650488283953,0.01,0.0970966866923404,0.0608712746828286
194,18.587453072726,4.24148050407193,0.02,0.0210536028669134,0.150969268464079
195,22.26080968092,5.57471107452502,0.04,0.026866613952283,0.169240186473998
196,20.1504827879821,4.80636459067443,0.03,0.0720947816893261,0.16080154530094
197,15.5378775265727,2.98340223803435,0.01,0.0842541469276057,0.0927449470252156
198,28.8208084320104,6.54285899971227,0.03,0.228743386161812,0.0998321039713441
199,23.8980575545868,5.38936035274093,0.04,0.170071054483777,0.0863102769175422
200,22.8214696011464,5.8545843016368,0.04,0.0399217410052978,0.182210725966358
