"Group.1","ele","slp","svf","aspC","aspS","asp"
1,804.065367349708,36.0828234069772,0.78,0.449291129262617,-0.839117266729585,298.166068877941
2,317.57014329738,7.40802838159093,0.99,0.0295026290444544,-0.989771304096465,271.707339626866
3,1117.10057435291,26.4427061183403,0.9,0.167587077434533,0.955589813208766,80.0528784621143
4,565.082636740064,17.1330125999617,0.94,0.916362899350288,0.354116426443766,21.1283708901764
5,2320.31576057618,28.8860599581809,0.88,-0.220321517490893,-0.914564315686508,256.455342845336
6,1404.63479805662,38.8232490838279,0.78,-0.34746261277254,0.886868732489252,111.394542655775
7,619.789711968163,31.653518261097,0.81,-0.956148113229696,0.114596275378568,173.165585441804
8,379.056262360093,11.1170103851731,0.97,-0.373520361299709,-0.915623528742097,247.807439456616
9,410.605254126793,12.2941571128306,0.97,-0.892647277637447,0.422751863255531,154.658073553589
10,1649.61200603184,40.9860243457774,0.78,-0.730912665594449,0.611627047133538,140.077438010757
11,891.730853614024,21.9381504871989,0.93,-0.896669762316053,-0.387889407320583,203.392774376324
12,277.911135872546,7.18267996573572,0.99,-0.357949037769433,-0.927076091297352,248.888158570222
13,227.914144514372,6.03544380207914,0.99,0.150341033991696,0.983802293387747,81.311488181177
14,1888.80857250112,40.5817001922017,0.77,0.861751480523364,0.379425117137248,23.7636675574607
15,3674.60067768164,34.0242480430978,0.88,-0.505402606150922,-0.478443337401655,223.430378359844
16,1057.86362389748,25.8842115988978,0.92,-0.590808461730123,0.776451799349271,127.267800143985
17,1672.49279116493,28.1882182222367,0.9,0.603791054491204,0.75258856714041,51.2604260668647
18,716.620665583013,19.5412806291448,0.94,-0.909179437398295,-0.370956946099464,202.19609355391
19,1171.37015221586,28.7678236898619,0.9,0.564508572789623,-0.790645613691226,305.526241627746
20,826.059284410132,60.2582270258878,0.16,0.0901419376487924,-0.171598205843157,297.713312288578
21,2854.60037576237,24.5698835487313,0.92,0.31071981862498,-0.853875092537018,289.99613084562
22,333.252034168182,7.67313106462239,0.99,-0.992280712724116,0.0107580074585101,179.378840819388
23,166.263730587342,5.03771429328373,0.99,-0.907652692322279,-0.409044380470944,204.259269616218
24,705.737666486813,22.0593572415794,0.92,0.673152813263837,-0.707250779282196,313.584999091942
25,2420.44172042337,33.1161631207028,0.87,-0.752058342005917,0.587265855271722,142.014503630362
26,1861.85782857438,28.0789036658859,0.9,0.644928292014503,0.716659921977405,48.0156868799435
27,2190.02118067766,32.8306783154697,0.85,0.948975794400907,0.116282192327443,6.98588004534877
28,159.068227292935,5.15202970285828,0.99,0.263704119008519,-0.958090490225749,285.38899531587
29,330.740917048534,8.45271477334398,0.98,0.899641329515392,0.4168902615988,24.8628212247692
30,3212.89588939283,27.5617351565406,0.91,0.494816531073521,-0.655362411462997,307.053801861015
31,237.961425049662,5.68808743416643,0.99,0.958060666937094,-0.269052578085699,344.313642626798
32,1559.06928457897,30.5872139017537,0.88,-0.102363421896272,0.965455293342454,96.05223462208
33,1868.09219648909,32.003898110429,0.88,-0.814296102714898,0.527748713618983,147.052558594015
34,739.299309479475,32.5838958824237,0.83,-0.502965466872441,0.820550976490829,121.506658726736
35,928.642306361595,36.7153018917174,0.76,0.954272757147626,-0.0268336902574408,358.389294722159
36,2377.87408801792,27.4022673312144,0.89,0.827616179875606,-0.446203525473887,331.668981143203
37,1946.53529684797,39.3562225375034,0.76,0.513183890199656,-0.758136383423336,304.094142339855
38,2338.37403694623,30.7196003349895,0.87,0.693002984015296,0.652451282663222,43.2736401844785
39,164.830135697713,4.68640408008876,0.99,0.992690735816128,-0.0755804775202049,355.646072260327
40,2481.65744372209,29.7882093897737,0.9,-0.853334619918612,-0.408889484802417,205.602186427913
41,360.689864859424,8.86631658283319,0.98,-0.207692853936196,0.968996674650534,102.097623802443
42,160.2968678054,5.24991051744613,0.99,0.321594461945074,0.942072131529135,71.1516729596265
43,1245.24587126543,37.3654755292461,0.8,-0.909565401437517,0.316621881664992,160.806871234053
44,236.669360698163,5.85546283135225,0.99,0.992030818936667,0.0824346036283667,4.75018350968464
45,579.79766699045,35.3236968601281,0.75,0.693005594139228,-0.633250670234028,317.579736033137
46,1070.25146537815,36.174698020707,0.77,0.519238523856438,0.810096474776597,57.341798724126
47,647.99998903364,18.1621891963196,0.95,0.0402313479965267,0.98026395504262,87.6498232786826
48,1920.81462391425,29.0339014149902,0.89,-0.143710800184877,0.954601404728808,98.5613217045804
49,245.890337676634,6.20836981357292,0.99,-0.463789727503726,0.880890931423985,117.766838192353
50,456.362040326761,14.4182139109384,0.96,-0.745911677082052,-0.645812021941078,220.886088285994
51,878.679109378033,22.3613213710406,0.93,-0.63683615507217,0.745062252031332,130.521908720924
52,1122.43681592744,28.1474917036557,0.89,0.877116522217465,0.418633893471381,25.5144077170134
53,1145.03934895791,26.204259330857,0.92,-0.958470013563006,0.177654380207346,169.499279708455
54,1444.55952674383,28.4010042416318,0.89,0.504871669913059,0.82313226664041,58.4769521264993
55,2651.53446205049,33.3098894355889,0.86,-0.751453194815619,0.563677017559831,143.125851251542
56,436.906029114453,14.9352010486453,0.96,0.777940008892941,0.605583044072587,37.8987741909164
57,417.910666142315,12.5639030546745,0.97,0.312807284516745,0.935782113928313,71.5165773128461
58,447.157390364736,13.8624446381125,0.96,-0.982325288509068,-0.0972000974629961,185.650964872629
59,1163.29774777352,37.9616610990058,0.75,-0.700374462147702,-0.638518809893141,222.354867877012
60,1267.57211046309,27.4375320795129,0.9,0.723938984194176,0.648452740249912,41.8517083101093
61,236.290608548424,5.99933545389085,0.99,0.91113667302874,0.401475572620336,23.7798038380144
62,1284.83450108341,29.8269809645365,0.88,0.0985401419065815,0.971805268029937,84.2100512665237
63,158.3765146708,5.01802134378994,0.99,-0.0839757088397498,-0.991369267746903,265.15821665495
64,951.067462628436,25.1454201344347,0.91,-0.37396826939281,-0.89866452072962,247.40595959942
65,2004.74348360528,45.3622166082221,0.77,-0.460807044265251,0.805401106387966,119.775860265514
66,1243.32908168362,28.5103871759276,0.9,-0.814255026207921,-0.525974502033783,212.860759855318
67,839.74972545681,21.4670127156528,0.93,0.228543040975719,-0.946120403078521,283.580113552193
68,246.870829501876,6.09654477288286,0.99,-0.962158578034179,-0.255887311199073,194.8931432906
69,1389.35150549522,27.928276820975,0.91,-0.48952184424002,0.834769522768255,120.388023443099
70,560.890997920912,15.3582449995571,0.96,-0.9420620445466,-0.285500442425058,196.859908098211
71,161.360411541634,5.07945167200533,0.99,-0.71779187986033,-0.689102917153776,223.831804122213
72,1704.47155124218,29.0412534143366,0.91,-0.556176165664945,-0.78670033457908,234.740707591998
73,970.051814455825,23.4731346658143,0.93,-0.939597719165326,0.269953699059493,163.970231793977
74,1431.24824725483,38.0675714305279,0.8,-0.959692173893811,-0.0121313552768571,180.724230599269
75,154.606144488199,5.03645188831037,0.99,0.708285895895947,-0.697527190510043,315.438476767339
76,1527.97496498467,29.8177666450999,0.9,-0.807639511934227,0.537229002585594,146.368778665834
77,449.989466661457,13.1832405730143,0.97,-0.553076699209602,0.817032918798026,124.095375269681
78,1397.63549595921,41.4361044909636,0.75,-0.445835356987479,-0.827841902110187,241.695256102196
79,817.20554250062,33.3190310827527,0.8,-0.958283974623171,0.0643843841298695,176.15623575731
80,998.249423189899,27.8617404643522,0.89,0.456323059321597,-0.858413449212361,297.994615774229
81,1736.65567553133,29.7290025615166,0.9,0.36421786139408,-0.889604599791427,292.264950523723
82,1759.01405490751,38.5371643378906,0.8,0.116957780254999,0.950320737807618,82.983781676282
83,1053.91861002849,26.963872120658,0.9,-0.864539300830937,-0.448845250163369,207.437109739289
84,315.854540501727,7.47160589301675,0.99,0.205275864460789,0.970155287111991,78.0529564047252
85,1433.40927732646,38.0644857384724,0.75,0.848047825300723,-0.412576217853424,334.057026476372
86,657.676680876027,16.0787619246886,0.96,-0.962763568586729,0.198717853969044,168.337718849619
87,2747.33643369027,30.9814477725111,0.88,0.24211416870844,0.90032681581634,74.94821747042
88,945.924403436345,34.9818626395357,0.8,-0.372700464913515,0.884394189014096,112.851479411891
89,186.40191587762,1.16271319068938,1,0.535924417680411,-0.84291798108829,302.448063488558
90,234.534324029587,5.84639479856109,0.99,0.211040081182708,-0.972017545121031,282.249683875175
91,1045.58901087039,27.8130568422663,0.89,0.943780728740965,-0.234432197449653,346.050237522164
92,320.902899249481,8.45014217470228,0.99,-0.670954626430674,-0.731311597110977,227.46462931437
93,719.149707273175,17.6017208423625,0.94,0.973655342465704,0.0310310038402549,1.82543438969693
94,164.976373899017,5.02873218006445,0.99,-0.0169331610750194,0.995790425459161,90.9742061584375
95,606.431450647371,17.0431488605232,0.95,-0.635336334154331,-0.75120999923068,229.777107418005
96,704.003615373847,17.8970577832036,0.95,-0.671614318605285,0.715137056453292,133.202380782065
97,4105.02973967421,44.4329955529439,0.83,-0.101598322266193,0.435537376400172,103.130645575155
98,234.722760584645,4.83055130373229,0.99,0.548218634613789,-0.830871019839269,303.417305656827
99,165.978440301699,4.84806841774479,0.99,-0.991474280487576,-0.0927649386491872,185.345182730909
100,242.569935987345,6.46092965294117,0.99,-0.825332867921636,-0.556660107700387,213.998380525554
101,870.841886493708,24.6342991490144,0.91,0.852890435597349,-0.476662584496725,330.800090529467
102,2027.39093471066,33.8882201217392,0.88,-0.949732465788579,-0.143868964058454,188.61388516992
103,421.2032139111,33.0254250094103,0.8,0.9256039134952,0.192600054313191,11.7544003380232
104,1896.61458169881,29.7406694112829,0.9,-0.403947598954017,-0.873666056376864,245.186101466845
105,171.334500567218,5.22058233622765,0.99,-0.316713670459938,0.944273196502555,108.541695001067
106,1146.40014807986,37.9211728867476,0.74,0.955161167893871,-0.084145872065687,354.96546870481
107,1406.97382352008,28.6057097956305,0.91,-0.562436669586725,-0.781473789178596,234.256952450527
108,389.598345904518,30.6528701102128,0.85,0.337465965265874,-0.889002143502914,290.786804205055
109,333.258285642733,8.01018399851596,0.99,-0.61330095345619,0.778697810777559,128.223902822465
110,685.942199095822,18.0708134475896,0.94,0.678115178539867,0.70524204207256,46.123394301436
111,163.481323170735,5.0047472986132,0.99,0.826556126047968,0.555225220573915,33.8905699176103
112,2161.33999198225,26.412385072231,0.9,0.576227522043193,-0.759663247133005,307.181415856083
113,224.998339641495,5.75037218165063,0.99,-0.149996321296615,-0.982639838720772,261.321007680259
114,1258.58083300356,29.4269440885456,0.89,0.947743123063404,-0.210107421938879,347.500125041774
115,1351.01463919296,26.795595263936,0.92,-0.956900246392984,0.150523633383759,171.060435048285
116,229.833440619912,6.23619595858849,0.99,-0.585117746752191,-0.80427615553991,233.963791794292
117,305.279781066022,4.42870485941777,0.98,0.525537523603759,-0.843050872177877,301.938415516404
118,546.994599789264,15.2647968128616,0.96,0.50057715451525,0.846858318716158,59.4127064031251
119,2104.27036071119,30.3130044072746,0.9,-0.6808584860899,0.672909981444037,135.336402086072
120,162.361327065716,4.88430792990823,0.99,0.962910157863749,0.253008407642148,14.7219131247872
121,417.22666077667,11.6980668723959,0.97,0.217177262310149,-0.960153755996447,282.745268299683
122,2750.43773631853,28.2592084176275,0.91,-0.795732728719613,-0.473149274796821,210.7360673045
123,2098.49752115747,30.8858034213953,0.87,0.446458236610195,0.84533087728703,62.1593988399053
124,509.261409686303,16.6934880751232,0.95,-0.247131807063447,-0.950974920901654,255.432650540399
125,977.78257599257,26.2514597030019,0.89,0.663564708354535,0.712318004008637,47.0293807287166
126,439.502309345469,13.4695984664069,0.96,0.982726532290482,0.00631210219062101,0.368008627185798
127,589.30952682463,32.8382124979414,0.82,0.438663262509247,0.849680216317969,62.6941111348608
128,1389.4539040184,28.5236959835612,0.9,0.536202079277192,-0.800014084708502,303.83160638889
129,3017.88642567678,25.2182535764823,0.93,-0.642483888852746,-0.630250025050654,224.449274378324
130,1654.374320494,41.2645255497046,0.77,-0.741596410968958,-0.574144095175191,217.747043937731
131,558.247839021149,19.5089451751887,0.94,0.396738979472315,-0.895095084107944,293.904678003051
132,2574.34476383914,27.282661725704,0.9,0.121694588118895,-0.912786838753348,277.594006665521
133,163.230659932803,4.86612315189954,0.99,0.908341785947885,-0.40658239720425,335.886258000747
134,1597.7626913646,29.3040890452216,0.89,0.96151064875866,0.129440091257831,7.66715341245127
135,572.289800413939,17.6498507038338,0.94,0.91490463772768,-0.348923369113621,339.124311205724
136,441.458279318808,13.7488064768907,0.96,0.740134742352737,-0.646410735445989,318.867044927917
137,3613.6613510321,42.6434913153086,0.82,-0.135418283923031,0.802292783564318,99.5806016312226
138,1031.0173323801,34.7846225698523,0.79,-0.932371209987703,0.23074166122561,166.099819677568
139,585.167706729143,14.746839370674,0.96,-0.507252390312905,0.84233693510467,121.056205568797
140,881.024648081305,23.7075012250493,0.91,0.949139275794689,0.236658966689686,14.0006800983352
141,239.05757407105,5.81224455508396,0.99,-0.992230824304512,0.0803230072524617,175.371887729018
142,239.505472257208,5.98102569930025,0.99,-0.731422846235393,0.6753244688319,137.283635480528
143,239.460126078255,6.43095454847894,0.99,0.465758394256846,0.879889290802129,62.1060527768964
144,2264.24402926532,32.1573809181354,0.87,-0.25720892483411,0.911764779162298,105.753763961813
145,2942.12469398343,36.3110698874449,0.85,-0.564814615404108,0.699421340344023,128.922455619972
146,3205.8714925936,39.3161753024144,0.84,0.169805255736799,0.859835112988699,78.8286448446964
147,3284.224722541,36.5569674562813,0.86,-0.872052677683332,0.137558506529529,171.035964909491
148,1671.43201439067,39.9266180294243,0.74,0.69328415486192,-0.608171660687517,318.741696202315
149,165.604675823266,5.15593897044703,0.99,0.607017858629861,0.78943568289549,52.4423693342254
150,1777.9580014705,29.4154238115395,0.89,0.948217735287903,-0.150553328731548,350.978168104382
151,1717.08859839442,28.6286278720755,0.91,-0.435980732188872,0.859346597009612,116.900494230652
152,672.458221964937,18.6323010771494,0.94,-0.00762189165525346,-0.977552540904186,269.553278870965
153,529.723861363177,30.4172667265152,0.84,-0.581122779575222,0.768667878672353,127.089748361544
154,256.077482498126,6.28525291448542,0.99,-0.155990411230025,0.983096882534592,99.0160983493513
155,344.15857319759,31.1197200259971,0.85,0.0570281765720129,0.932705996491179,86.5011362534396
156,1690.30215382047,30.4914820871032,0.9,-0.958768814542353,0.125833550890315,172.522954973549
157,1841.70808466287,33.513463468756,0.88,-0.926737664352187,-0.288081130889168,197.268123593711
158,778.180522582067,19.5174020811852,0.94,-0.12957227055821,0.969660161699772,97.6111452084428
159,1553.0964895405,39.2043645405404,0.77,0.619620670269791,0.717724958301133,49.195558156027
160,500.79321299888,15.5857262460454,0.96,-0.0554905215136011,0.985492032757837,93.2227748805851
161,894.278589597185,35.8962974537765,0.75,-0.589588314277607,-0.747924240222886,231.751304672442
162,1311.59061001038,38.2050802165299,0.76,0.718402480650517,0.61735354149206,40.67385734765
163,325.433438578178,7.58750861248839,0.98,0.990662380464482,-0.0330717033182625,358.0879807138
164,820.186231658826,19.6821269015427,0.94,0.527610471118779,0.819591526538471,57.2286685331554
165,166.944701806318,5.30103078939274,0.99,-0.424110918309701,-0.900437770633217,244.779318169051
166,228.737173047102,5.57536123115833,0.99,-0.913073147396748,0.396928600205415,156.504586328438
167,2605.16210271476,31.5126562327755,0.86,0.916380247211868,0.183150064341233,11.3023581436723
168,1026.11291368647,37.0134021315745,0.76,0.385125925804351,-0.866511737168339,293.963018940934
169,233.124362021952,5.59598506333858,0.99,0.802087508301563,-0.589039108110538,323.707087463985
170,1935.58623251304,25.8984174185561,0.92,0.564868582578739,-0.77176717358806,306.200986136371
171,1547.17047985643,30.344142028747,0.89,-0.119743452277043,-0.956638030289213,262.865330321538
172,2249.92658938432,30.6978864218974,0.89,-0.944350031881651,-0.0772685817287751,184.677633567859
173,649.783131856046,33.5367264762365,0.79,-0.475659540283005,-0.81666141139636,239.781595763303
174,537.171642305954,14.0843480774976,0.97,-0.903565379686075,0.387384782774924,156.793777252008
175,709.717236258214,32.8551539835779,0.8,0.955976765508769,0.083490274202707,4.99126507101219
176,2506.32577871207,31.4982219567162,0.87,0.19842965508722,0.922077496637987,77.8552518798618
177,2107.49473668325,29.4621839984585,0.89,-0.450995547526054,-0.838103890052729,241.71467734233
178,1537.90696182668,29.6068895994378,0.9,-0.898476898291348,-0.352667257507233,201.430840295046
179,783.979552515186,22.2639708255408,0.92,-0.513562778851035,-0.831864761800115,238.310340209834
180,2914.1869717695,29.9697386467575,0.89,0.810204954729148,0.411323005539893,26.9158901615182
181,160.799534118035,4.92923602046167,0.99,-0.968683171581725,0.229492843739477,166.671666963687
182,161.717191982725,4.89970240655169,0.99,-0.830457034838674,0.548648557069274,146.548912795601
183,166.014414649842,5.03888018493683,0.99,-0.601336827207072,0.79349374729503,127.156099533646
184,1254.38680298181,39.0501374189298,0.75,0.544824227191003,-0.779270796645647,304.959175932905
185,331.188427351688,8.4621019128491,0.98,0.615544054796085,0.777741785428123,51.6401322672765
186,1278.01441327459,29.4032504284302,0.89,-0.0937614514270312,-0.965340767230959,264.452386797652
187,801.928674760686,20.3388639759099,0.94,-0.946706516605895,0.251544919822242,165.12002154339
188,1564.11066951364,29.0209018114884,0.9,0.715058538422868,-0.652728257804086,317.609173465353
189,241.49365090728,6.63775527124692,0.99,0.732186186544775,0.674626524770732,42.6570532586007
190,942.794705032914,22.7591958655908,0.92,-0.00519206958891649,0.976632950423866,90.3045984386538
191,332.089597890732,7.37082438793612,0.98,0.858260550575542,-0.493150562735613,330.118623457374
192,1111.16124198134,29.0466181908984,0.89,-0.252843988962405,-0.936207715079556,254.886551492404
193,314.447200328313,7.06418679798742,0.99,-0.894121844591684,0.429634861462881,154.335230371576
194,1227.06906751305,26.984205661354,0.91,-0.599787243227887,0.766698120520279,128.036039784397
195,821.716576807324,33.5792611848759,0.8,0.472008400310757,0.83501432645113,60.5218343009893
196,347.872600148459,8.94565148853978,0.98,-0.903367506152128,-0.410765452569966,204.451516163729
197,414.361382195252,34.3921253330503,0.8,-0.778672597552466,-0.494522212982716,212.418961579554
198,1427.08373851299,28.8506110356501,0.89,0.964506955746432,0.053932258308023,3.20047065819273
199,2003.27459142477,28.0252127293305,0.89,0.958031746937153,0.00990902140861286,0.592595039968619
200,1162.00945803369,37.214373589126,0.78,-0.371905577328746,0.888179539120256,112.720422140996
