"Group.1","ele","slp","svf","aspC","aspS"
1,41.9633573591264,5.70650287341846,0.04,0.139053780734924,0.155267155343075
2,65.1062749080083,7.45706590014047,0.06,0.155799517148626,0.282739104573436
3,54.1971758741163,7.23240583911281,0.03,0.152107594059925,0.190448560708881
4,56.2686436088936,7.88464723283206,0.03,0.120428093308914,0.230842613235376
5,63.9303720914669,7.60449246009004,0.06,0.123204312301947,0.312291543752689
6,48.5737144350704,7.44435255877469,0.06,0.0680637415547353,0.239015666264872
7,52.9952049064568,7.38137780512787,0.06,0.17422999344656,0.227566047835443
8,52.442607833088,7.93014131546339,0.07,0.0553570055467052,0.251915822385508
9,60.2046253298646,7.34609010829029,0.07,0.0626179451329511,0.270925063981255
10,37.0032416531728,4.41235706026106,0.02,0.107707230392559,0.303606673505172
11,48.1705034891765,7.54265480377977,0.06,0.0304290504161672,0.218071215806418
12,57.0588392750676,7.45591185581083,0.05,0.352043504997632,0.068365403959894
13,49.3264929508701,7.16858685485448,0.04,0.165435618693073,0.143859451290209
14,38.6269424789883,5.18968508659712,0.03,0.197709652375838,0.112896326940903
15,44.171115037207,6.92521210862701,0.04,0.234899723179124,0.15958899691773
16,56.5857380644772,7.90884215315123,0.06,0.313624211470593,0.150765983761071
17,48.2757381501407,6.42220247670067,0.05,0.254124826649374,0.127153619861846
18,49.845734977305,6.60673149104097,0.05,0.219834812648646,0.170008218311405
19,42.8938804844659,6.8129098878133,0.06,0.115970322972799,0.199330883583779
20,43.7081638564193,6.2485654323511,0.04,0.281643289581778,0.0691085005874135
21,39.0776100080792,5.59320828685823,0.04,0.25642564610839,0.038027178313668
22,41.8050455466539,7.18677963451546,0.03,0.0389446888997816,0.199077291776116
23,42.9530949241117,7.00759129516864,0.04,0.0649931472121066,0.201048321228864
24,40.1936010000543,6.5927976869581,0.03,0.155183418152052,0.168553240337166
25,41.8318551473606,6.32266130916719,0.04,0.174088201847756,0.143362593762816
26,37.4581744268049,5.49530256715618,0.04,0.225893169587799,0.0781926444578171
27,46.6345752815258,6.88912779874723,0.04,0.209771180407544,0.171631630572518
28,44.9951429304263,7.18687766865057,0.04,0.108478220733887,0.196038081829847
29,51.8601571276138,7.45593023047756,0.04,0.15530146321652,0.193884706711902
30,57.6860481707738,6.60547472522246,0.04,0.397600767103384,0.178180417902486
31,55.6620900939875,6.91373453763734,0.04,0.31472356856,0.0659603992059544
32,41.6876192376078,5.53359277012701,0.04,0.186630252358062,0.134184546451381
33,75.3455312132428,9.56006726894628,0.06,0.492092229094937,0.123194235613386
34,42.5631856259017,5.66168455081119,0.05,0.181977976262644,0.142261921768714
35,38.08115985271,5.23985341192431,0.05,0.233862493375815,0.0664269025419533
36,59.4977949253726,7.71655165589217,0.08,0.254305791594562,0.188740029967696
37,48.1326349358507,7.64820749213862,0.05,0.189134321788628,0.199101633288575
38,38.4389486909676,7.05434311613725,0.03,0.254521218193054,0.0537944466991287
39,67.8452535282806,8.41075450083285,0.04,0.45244521628426,0.141359671842482
40,40.6237719402426,6.06122773415703,0.03,0.291649593303253,0.0505940256007137
41,67.6124527713842,8.41967784464412,0.06,0.337708204811811,0.175782971979182
42,43.8350206353537,6.20420492256026,0.04,0.191444156283192,0.16135483914458
43,72.766702710243,8.28000172359857,0.07,0.410168555773622,0.15316455613204
44,44.4652704101638,6.08015827332869,0.04,0.214832410878619,0.13706757294202
45,44.7062757644176,5.6806578855318,0.05,0.254110407362575,0.0487545056558138
46,48.6498220698922,7.17526205857616,0.05,0.0479007696424826,0.225831457885734
47,86.9453902947389,13.5625109591824,0.08,0.115032868669266,0.365587039121807
48,46.21010586933,7.61208383845144,0.03,0.0448337115879092,0.229310555829396
49,39.5019093466135,6.29727347829003,0.04,0.143924621754688,0.166105361591166
50,59.0323770532177,8.99125328521852,0.04,0.152609211462791,0.258917728186607
51,42.1682481218815,6.12456210101321,0.03,0.163933885177825,0.143576790361988
52,38.9825979004068,5.62034319506034,0.03,0.203141028251691,0.142162600993461
53,38.3933140467893,5.51674010974073,0.05,0.239981258518976,0.0807234926556439
54,45.9691648043556,7.20768917511896,0.06,0.203615279910286,0.139281663517641
55,50.1198168241156,6.56209390726146,0.05,0.207672889600407,0.151261601141733
56,56.2341655466887,6.87116013855685,0.04,0.353817214786826,0.103790446403832
57,44.0676618560812,7.35791113422644,0.04,0.0640776125563358,0.237055103114784
58,47.9915671997757,7.232442855546,0.06,0.298450009547266,0.0747722934219858
59,62.2216984117705,8.1023727434728,0.03,0.0755046550591871,0.25866073658593
60,44.9632161378851,6.7612056513157,0.04,0.0867258769712506,0.204365919557403
61,47.5945752123729,6.91817784790235,0.05,0.0339810963805914,0.229368098008512
62,53.7088366487206,6.10645048057483,0.05,0.316322480712055,0.147029960844954
63,45.774768012693,6.04727140760607,0.04,0.25360359031404,0.111641041026031
64,45.2688634887702,7.93533614873574,0.05,0.245743060830087,0.161093143852158
65,47.1304741525697,6.20940430026335,0.05,0.190703528405372,0.161345286175534
66,55.8257186490008,6.50327919421996,0.05,0.340524684689199,0.0913436796519777
67,41.4565975681494,6.60383088870004,0.04,0.125280708274766,0.178437373174258
68,50.0245344700262,7.46995896698688,0.06,0.212248192901876,0.189030428237994
69,40.9097376537364,6.58314535871593,0.03,0.109960562399251,0.174832925354105
70,56.9327953585507,8.25345110536374,0.05,0.0812637899876698,0.277903677321136
71,55.0241877003568,8.04890477490184,0.07,0.254703300013203,0.208752566990967
72,55.3257942547321,7.44420261200046,0.07,0.214912999859354,0.195611136392924
73,53.6138027649343,7.11851786827289,0.04,0.0341358263907171,0.234266120417295
74,49.2175059681962,7.67005339574595,0.03,0.293290686690358,0.0743303576114376
75,47.7688860298835,6.33031145865379,0.03,0.137500414676876,0.191117515653813
76,60.6564935280356,7.13755026642723,0.06,0.374187590136409,0.10053785151645
77,56.9434065122491,9.28239143651913,0.05,0.0896959936610387,0.260915789973065
78,56.3416608276097,5.10167219831913,0.02,0.0612015523295042,0.29971165551736
79,52.2075431010608,8.5105738809568,0.06,0.417359034193419,0.0937176818355051
80,44.6148078816234,6.76774802426702,0.06,0.0860079784089689,0.202568561159929
81,60.8801270425478,4.53429609592181,0.02,0.253241508027871,0.222787482553428
82,61.8217146944224,7.70586080959945,0.06,0.0934514388436328,0.284875008336979
83,59.0051545421505,8.30179450552974,0.05,0.191790603365966,0.222577182104332
84,66.4036816180942,9.30404730604005,0.04,0.451816746149748,0.146611362636956
85,57.2820949563139,8.03690242784875,0.07,0.374756233095535,0.101321480215872
86,57.9572595704156,9.16393831236881,0.06,0.196873079221043,0.196701768942564
87,50.4064710906471,8.94006673944252,0.05,0.0753267774247107,0.232331758767147
88,42.1773159403354,6.25598518477899,0.04,0.233403277086999,0.0794691944064181
89,56.1770524486306,7.58690471214115,0.05,0.0353729685879204,0.248852375491855
90,41.0329190809114,5.68969844596804,0.03,0.154309261300825,0.169016120308309
91,57.1010856407722,7.96519397497882,0.05,0.0939336481707984,0.241434793767894
92,43.9461415730791,6.53109916478358,0.04,0.148087974573634,0.16815527128333
93,55.2165385281769,8.10543399341209,0.03,0.166258195225482,0.210535603192762
94,52.3653585227617,8.03960934448999,0.04,0.0378605502938541,0.2583994644035
95,60.2390360328293,7.51269327900121,0.08,0.0557686352367085,0.277130021456019
96,56.4070239258634,7.93413341399603,0.05,0.0891403863242122,0.239814593051794
97,56.3829527824188,7.92388323610879,0.05,0.0927325412509103,0.243024141144458
98,44.3786615331364,6.83836633672181,0.05,0.198204072333411,0.138430296733309
99,100.116642989534,13.0223319992994,0.07,0.582111289844167,0.218006087784852
100,53.7151394672287,6.87014204689309,0.05,0.328222540429284,0.0839064124076779
101,40.6624612547565,6.85074597950504,0.05,0.0236603592246381,0.208505429653637
102,55.3198795559154,7.52173877251376,0.08,0.0453122537804522,0.262844935646115
103,42.8275118035869,6.48558090012793,0.04,0.152968608612544,0.177319209427834
104,41.8514582224633,6.95398817229665,0.04,0.155052396184692,0.152591128779611
105,48.3412465240108,7.38837438735698,0.05,0.304577017773197,0.105269396499565
106,40.2526072855461,6.68209590108126,0.03,0.115460346712155,0.171807274799592
107,77.7989982443384,10.4613707018642,0.06,0.447261355667539,0.110557032949848
108,47.8306038316352,7.96192949484451,0.06,0.122809452262797,0.222618180230844
109,48.0582554391044,7.28901569401474,0.03,0.283283148812805,0.048574250281617
110,43.7278173287784,6.1982142355848,0.04,0.307715443924791,0.0894037410312371
111,63.9411437904339,7.59126045094733,0.05,0.322363759931243,0.161945329938959
112,44.9816877792682,7.55359905146298,0.04,0.062890705369609,0.190302521237529
113,43.0116043111893,5.67288090809256,0.03,0.249514624889248,0.0420500620992255
114,44.3136418114311,7.0424058336745,0.04,0.106721301034416,0.194565471062945
115,42.9208508950777,6.51884730627987,0.05,0.173577947254127,0.168000920432105
116,41.2178312618979,5.88139785750946,0.03,0.237924518530153,0.112956328561998
117,45.5420635058147,7.53293219083101,0.05,0.24819581378545,0.086128548683747
118,47.2122807254626,7.1073837850413,0.03,0.0244551866208684,0.208743792801393
119,71.6445168025921,11.2694019263561,0.06,0.0658285101279301,0.3239085975061
120,52.6574480339505,9.00665499949181,0.05,0.0528459809633207,0.291198132109507
121,44.3783227137131,7.06128257160137,0.04,0.0467433646931278,0.195368667462478
122,55.671170487269,8.19672544448414,0.05,0.200574639134443,0.207150638300771
123,61.6678869710942,8.14909046562759,0.08,0.373027272599633,0.17170120430682
124,46.1556313554401,7.32695490428401,0.05,0.0268471451072925,0.214326138514422
125,44.5857982135159,5.75392418827253,0.04,0.234574398739445,0.078112302372117
126,49.1189316834561,7.44193875634809,0.04,0.0452026296073491,0.239461872717167
127,44.6799048118523,6.8652878533212,0.03,0.253325137114991,0.117548813781423
128,40.3759753037172,5.44187017359695,0.03,0.212045421402249,0.0990270153316124
129,41.0267094967808,6.7720306633724,0.04,0.246823325102964,0.0498215101328586
130,48.9573195189579,6.77829345257704,0.06,0.172510346347059,0.194814324730017
131,42.7821145876071,6.64750143941781,0.03,0.108759804627274,0.206681549525137
132,46.0372236911222,6.81399341830854,0.06,0.109727950730761,0.189817921449203
133,37.7401286336632,5.55397347230897,0.04,0.234279767994466,0.0483525521533711
134,50.0635341386693,7.47978216576394,0.06,0.230074424279305,0.179523975892893
135,40.8153512664334,5.66335598524532,0.04,0.224025489137503,0.115987680695728
136,59.347701826586,7.62955557881783,0.06,0.279865881404258,0.164406161444507
137,40.7320552165121,6.02595225284576,0.05,0.259275686437606,0.0654986045810197
138,48.8161452322233,7.37043462663115,0.05,0.0366553626584651,0.249858989184555
139,40.5315616642148,5.34378288071146,0.04,0.152082752337036,0.154107757955296
140,52.3346803812619,7.74121323376146,0.04,0.0732643188441262,0.232754356459346
141,61.1006071119562,7.19689796096727,0.03,0.160967398039775,0.243689290364274
142,49.5523453897028,6.56311065798817,0.03,0.157271285597173,0.316894093692271
143,49.4344042982477,8.20202295590149,0.05,0.253988567803759,0.160066180821288
144,43.7982533838094,6.8264937616562,0.03,0.0452945640333223,0.211945050297933
145,59.5215931838275,4.65151554371124,0.03,0.280904947613986,0.175422731877644
146,65.4698603302548,8.2617083644199,0.06,0.203435046521661,0.268998667534196
147,46.3320062935949,7.22340410618322,0.05,0.247355563904951,0.162020936320097
148,68.5589800616535,9.63658111798127,0.05,0.0553847715111027,0.305761902351389
149,40.4515631322245,6.45153719512312,0.05,0.0262715674486875,0.209471420712786
150,65.685406028834,8.27190412143808,0.08,0.33366207803411,0.113771863104731
151,41.2022891811491,6.38259488932224,0.04,0.0684165356248069,0.191064100174967
152,47.7775396574693,6.50931854755884,0.03,0.0489853490023914,0.204306121589921
153,35.3934132469667,5.13212995923007,0.04,0.232546383946322,0.0569872199492837
154,42.3661796993473,5.72961207397464,0.05,0.282527757772442,0.0484679775418917
155,61.0804580302518,7.81191771847797,0.07,0.235983910914729,0.169772435633154
156,39.6269675714382,5.72480542006008,0.03,0.203022289341765,0.0993349857667722
157,42.95402688627,6.85925719762092,0.06,0.266732117348728,0.0844949613585653
158,43.1833716107829,5.69697879449221,0.04,0.123598379900213,0.184474296144647
159,45.1841341776967,6.95613639889319,0.04,0.0285313284284966,0.210643648997039
160,58.3256226597516,6.5052455060948,0.05,0.27133017234907,0.195043601324563
161,39.8998416522954,5.90295005892705,0.03,0.249899391553002,0.0380198797536408
162,42.1907825557158,6.99513411672105,0.04,0.0382695115128346,0.209330478065618
163,47.5753065901349,6.03155623583404,0.04,0.214502483930494,0.174414667282848
164,58.2174032938448,8.31538348687332,0.04,0.0751154940449079,0.273203041116962
165,61.6916249260812,8.3144148180089,0.07,0.430252994076918,0.135502173699181
166,44.0297457061689,6.73318326734954,0.04,0.0331533723564303,0.221754641155132
167,49.4721770831039,6.48875574591536,0.05,0.132638697494806,0.197261734293485
168,56.1618178341955,4.74813532995769,0.03,0.416299309585473,0.0974619032036822
169,40.7294038816932,6.02257420041855,0.04,0.243801487429422,0.0598123813739975
170,44.2791347607938,7.51661337076115,0.04,0.278234702993819,0.0555586539807736
171,52.4319359037793,7.94163407499834,0.05,0.130483501610496,0.204282063170925
172,112.511260746172,15.1360782087753,0.08,0.72078184042269,0.647044282881245
173,47.0364701727338,6.36216687531424,0.03,0.173053200702779,0.180027619708442
174,53.9381888262418,7.35276510579786,0.07,0.0564631598198683,0.253400968101748
175,55.3117000702482,8.37662943346199,0.05,0.348618071587307,0.0765494107019794
176,44.2980916748899,7.13331289967678,0.06,0.0794193730253348,0.208899711170821
177,48.6699754760022,7.36597601666931,0.05,0.269170350602121,0.120214272350712
178,98.2041733169017,14.0230880165583,0.08,0.52275692629912,0.267953081327813
179,52.7705030124654,7.61441921811752,0.07,0.321987896794694,0.116134200988636
180,58.769089425657,7.29985526744807,0.07,0.37279966717943,0.10445811739037
181,45.9242979126949,7.11554792792191,0.04,0.0264290261353743,0.2066515125329
182,55.2811115374068,8.47837312588377,0.05,0.300887583642237,0.189969358815181
183,44.012329701307,7.04421904037134,0.05,0.0755961785067226,0.221580297740259
184,44.8575834262133,6.97468957877165,0.04,0.125875071932076,0.192685868518461
185,56.0669831993189,7.50256364091727,0.08,0.312516002135299,0.137881033042382
186,51.8351638230972,7.92380245626514,0.05,0.0345488340412234,0.24400650639925
187,50.4823787574383,7.01665936159186,0.05,0.148908576801218,0.216648833680678
188,57.5039524866361,8.40124168670481,0.05,0.174082793387306,0.245722631764677
189,44.3090544143064,6.95314803947524,0.04,0.129430601573524,0.189312118391617
190,41.5969802587811,5.81360559050137,0.03,0.280668507657134,0.0485920693682847
191,37.2284900749574,5.03043283560061,0.03,0.254257977779335,0.0423060374639312
192,47.8254167117092,6.17161297218376,0.03,0.130852485838131,0.191699885856525
193,43.6349626933485,7.00543815713212,0.04,0.0857879484127817,0.197354205946299
194,68.700123244856,8.17173165807,0.05,0.0774529662364049,0.305138594387127
195,42.2863375585265,6.00540880782473,0.03,0.234508639770511,0.0937629120494013
196,53.7718320782712,7.46381781171608,0.06,0.286774912896396,0.0930502320999289
197,46.0407314855401,6.81930914011982,0.03,0.190537948090743,0.154789975746074
198,51.9647927532145,7.00522658998822,0.04,0.274710558886346,0.135082703622432
199,47.7570192197237,7.02574239286649,0.04,0.226481860353079,0.168153075369805
200,41.1082222467375,6.75028057659303,0.05,0.196457542799046,0.109187966671331
