"Group.1","ele","slp","svf","aspC","aspS","asp"
1,2009.28333562333,23.1974037523775,0.93,-0.0992623391791598,-0.968487823098032,264.148069623178
2,1806.54185888486,24.2075762337411,0.93,0.705734321311687,-0.67962384954246,316.079751620014
3,641.793997784871,15.8342860757199,0.92,0.552660154279144,-0.786752839828452,305.086397128405
4,2264.0466620865,34.5487391872769,0.84,0.551658001969114,0.793558041818195,55.1941196049037
5,654.115070617004,15.5573945430527,0.92,-0.16955379826226,0.935609275725775,100.271825648256
6,862.590289962354,16.9838277996456,0.94,0.825715687915597,0.511706242938444,31.7870080816843
7,1947.39773964729,21.8800006778427,0.93,-0.977725466707384,-0.0695738016059266,184.070239969938
8,2629.37954817407,24.0178405186846,0.92,-0.138951717171126,0.956364061138354,98.2667530424394
9,1461.56149897197,22.4606639465708,0.92,-0.708951955601577,-0.677279735143483,223.691150328544
10,2101.37683076087,23.153017180792,0.93,-0.970812419072163,0.132199543606914,172.245493540905
11,1240.11365549834,21.3146398878544,0.92,0.935252735464906,0.288292255005234,17.1319477969811
12,1465.46726476664,38.5380239659664,0.79,0.510438852856833,-0.8154078516171,302.046239914486
13,2738.02453095382,45.722866839481,0.78,0.379519125628373,0.862224430072055,66.2426908213189
14,989.978094943932,18.5555936161415,0.92,0.19108456017034,0.942120214174424,78.5345740367192
15,2169.061739551,38.7002422756402,0.82,-0.781357653102354,-0.562894021828753,215.769169696897
16,2448.99991462167,22.3625271518546,0.92,-0.0143917267429721,0.972038573936504,90.8482430431098
17,2270.43664848812,21.6022818364867,0.94,-0.575465017544702,-0.787373059221351,233.838161538095
18,3447.92753623211,37.6619894003379,0.87,0.0130825386797185,-0.890130672988082,270.842033994814
19,727.593851497321,16.7385586739103,0.93,0.972949405912924,-0.0763164176479015,355.515004170597
20,1899.52012902746,38.7645578859584,0.78,0.247013105550311,0.924729255435148,75.0443690415064
21,2073.3716486712,22.2157022399136,0.93,-0.780398939537767,-0.588275090959059,217.009472510367
22,2163.11638016857,39.8955056241196,0.82,0.966584137057346,-0.0752310538315863,355.549534369851
23,1622.00336074268,20.3074435886884,0.93,0.113049969578215,0.967930767976661,83.3382919029699
24,3206.97245397044,34.9147048346099,0.89,0.434603403250558,-0.822808932477767,297.84278143423
25,1084.41265234048,33.7969348812423,0.8,0.23359431963573,0.921944066606847,75.7820934714214
26,1875.18828496751,21.8963253305049,0.92,0.750595005107374,0.621150980109222,39.6092795490529
27,640.698000745684,14.866938851129,0.93,-0.92681735540051,-0.289650958321524,197.355181145185
28,486.662418717602,9.53607489000876,0.94,-0.784973720789004,0.577969944736284,143.636077798552
29,1170.82796673196,37.397952540541,0.79,0.676843814831831,-0.681678018088007,314.796117906898
30,481.437048374871,8.19396794102748,0.94,-0.6799283511719,-0.70320598822988,225.964175659172
31,2389.03919008143,42.2197258396816,0.82,-0.942717532390517,-0.180535546904861,190.841194734639
32,780.875561209525,36.26085059498,0.79,-0.188741919761858,-0.917675155587748,258.37781879244
33,1334.54761496798,20.2885961160132,0.92,0.417058878684252,0.873975691698605,64.4896475031262
34,1772.84783447807,24.6612430129826,0.92,-0.97562073045321,-0.033274337834371,181.953361967813
35,3226.88254308134,37.4839047701867,0.87,-0.805414664717723,0.498652786739524,148.237292511078
36,1901.31657130606,23.7255929087892,0.92,-0.690285065604357,-0.689302590789041,224.959196756641
37,678.736128427194,16.6173133261782,0.93,-0.350586588481606,-0.896836474338964,248.648739470076
38,1296.88375997276,32.2443854482721,0.85,0.376580660357641,-0.891142677290567,292.908033693787
39,2561.61535244002,23.0525506489674,0.93,-0.5801044058272,-0.778686564477201,233.314697724098
40,2322.36924362352,40.0915981592667,0.84,0.698863335576371,-0.677916135134315,315.871667255282
41,2309.47823226576,37.9855657726124,0.85,-0.199690829168879,-0.942415851420707,258.03640939321
42,1050.21107768487,22.4602425460142,0.9,-0.622937852911982,0.744742752155358,129.910695765632
43,1386.30167240826,20.8347263706031,0.94,0.554926378621758,-0.806030256731043,304.546183771643
44,2503.19861982922,22.8432165775093,0.92,0.965006887410269,0.160856197422104,9.46357672050294
45,894.468880615697,20.3385105208548,0.91,-0.167899901264438,-0.946759198421088,259.943622866636
46,2181.01927968386,52.3548035504911,0.66,0.382627046822835,0.77432205552707,63.7039696305133
47,2161.17817712361,19.3725720988461,0.94,0.553465226287263,0.803239958046396,55.4315671657554
48,1792.06511779147,21.9812182785754,0.92,0.132204227893696,0.962187954000442,82.176570030405
49,2869.23904967458,22.6857268552143,0.94,-0.0132605916283765,-0.965380976581664,269.213027630667
50,2847.35245935338,26.1901323201662,0.92,-0.95422036784811,0.179463777760845,169.348592488841
51,1131.59439590364,36.9829935929837,0.79,-0.95783714309632,-0.00221868147050986,180.132716566597
52,1322.90803700623,39.2720511251677,0.77,-0.441961678501826,-0.839696029333768,242.240583115411
53,2136.48725605277,23.1943713578775,0.92,-0.194892571153745,0.955107774894135,101.533043657253
54,2515.12359903546,30.9614503021676,0.89,0.838141989352247,-0.506861837698612,328.836775585432
55,3431.24225085974,40.8131893021256,0.84,0.000383917379073841,0.890633749250058,89.9753020316615
56,1578.56466407094,35.8049916980789,0.81,0.953420788416874,-0.18723658587599,348.889418495022
57,558.376457944185,33.3328704826816,0.8,0.354416197143329,0.850541959098374,67.3787739000599
58,1589.6461173482,22.9507524562982,0.91,-0.562975809113822,0.803836756619999,125.005894524096
59,1618.36753206057,23.4398475209639,0.92,-0.88772102089184,-0.415081949100421,205.059921989923
60,2933.14243344327,27.4225845034777,0.91,0.547237847169645,0.780861835257903,54.976742698625
61,2668.61611319847,20.4434226563138,0.94,0.954670215903706,-0.173292896458538,349.711624920151
62,2111.21754066822,22.0362642683144,0.94,0.462125704552884,-0.863806198438213,298.146233980298
63,1162.95501979007,19.6627794687841,0.92,0.561004720509678,0.799928286739988,54.9572999129692
64,1787.18030450985,39.5770705816735,0.78,-0.805818405018699,-0.519440398575959,212.806323174324
65,1909.34388997948,21.4169828821688,0.93,0.95705852345564,-0.204664891737171,347.929232340729
66,739.300946024034,17.036497185605,0.92,-0.912775526821096,0.33641122360978,159.768204435638
67,2372.55532581347,21.9996966161698,0.92,0.72077579306214,0.652626161392822,42.1592539127933
68,2363.44147703394,24.4099968432859,0.92,-0.603012244272853,0.773619371942188,127.935306867133
69,2417.92354388007,22.5069856851609,0.94,-0.230203505226671,-0.948645431733622,256.359950830696
70,1832.62180007338,41.058023608753,0.79,-0.621800952630111,0.734025021036018,130.268315084969
71,2480.65025778639,42.6982097210212,0.79,0.380604380124362,0.873464211573168,66.4552571097201
72,2517.75398354775,20.2144370084838,0.94,-0.726533140051632,0.648761748252085,138.236565417878
73,3053.75908674458,52.5373915940357,0.74,0.0929928578986664,0.87125647011619,83.9076463160078
74,2703.74546306251,44.6076827269824,0.81,-0.872173577737833,-0.360070241416195,202.432911271504
75,1049.4516546159,37.5618235008292,0.78,-0.283957977709538,-0.898337023375387,252.458623111646
76,1756.5593535873,22.9612989469034,0.92,0.979560682226325,0.0150879840364782,0.882446046782617
77,1330.70014011904,22.9247449888524,0.91,-0.45218510808114,0.861829840996793,117.685109682796
78,2558.41157197923,22.3433060210769,0.92,0.604681192593846,0.763477517139308,51.6204533045352
79,3763.39810012893,41.6142444663085,0.85,-0.158752677965661,-0.703804952522333,257.2888921344
80,2712.76347365526,25.1453613340417,0.92,-0.245999353555139,-0.933876631452331,255.242532520655
81,1741.92245302814,36.6351729348685,0.8,0.791998069753853,0.544804157629129,34.5235270322129
82,1193.08847482453,19.8056937327587,0.93,0.43604010832543,-0.865709620023846,296.7334544502
83,672.693990782208,34.7182362726814,0.77,-0.697941605710102,0.621906342581168,138.297114480042
84,912.121163151563,38.4845948773529,0.76,0.718040731624066,-0.625952346826527,318.919694278485
85,3496.79881563712,39.6801157092657,0.86,-0.924476801878309,0.0270499976776242,178.324015667362
86,933.387682257666,21.2773173327746,0.92,0.962328205549015,-0.185539018709845,349.087151353423
87,2052.5478163111,39.4376384362358,0.81,-0.387521308523063,0.879398219020996,113.781478834631
88,2152.36721282067,24.8587210362431,0.92,-0.220435364557786,-0.951960039603334,256.96240245767
89,1471.68961921217,22.0921215482615,0.93,-0.981201247100592,-0.0560864949248199,183.271526983723
90,1255.03171613621,38.9491529944624,0.75,-0.581013285997511,0.756327635849138,127.531583886175
91,1467.28989480303,20.2452493131646,0.93,-0.0847112347235637,0.971343046571381,94.9841785178011
92,2800.69453318616,21.8284100146812,0.93,-0.223453084684738,0.926158116876598,103.564452652483
93,1689.90348749917,20.322395596094,0.93,0.713834750957203,0.668863136366114,43.137137739333
94,2032.69760903605,22.5350519105325,0.93,-0.698670121890828,0.680849624170043,135.740099967752
95,2700.67917438991,21.6421182894935,0.94,-0.899500332010097,-0.369548419177784,202.33469415383
96,2416.01012920987,24.3641404657173,0.93,0.495024026879044,-0.84328893014202,300.41361240683
97,1862.46832965876,22.284798788988,0.94,0.0514327620244219,-0.972327648898338,273.02792613341
98,2246.79020909623,22.8052810314122,0.93,-0.966194551428597,-0.150127810948936,188.832022389639
99,1535.81721250802,32.7674886620864,0.81,0.626948281004304,0.730096993156044,49.3466814642533
100,2377.68517519321,23.3441041732915,0.93,-0.951360669048081,0.245293641329654,165.542060462791
101,3416.64099352927,43.4778331003599,0.82,0.925983687516997,-0.0677931633891524,355.812729164861
102,2872.73019660412,27.006021365476,0.92,-0.763293612685536,-0.602196153366451,218.27147333546
103,1614.81550265655,21.152955289758,0.94,-0.942955522818039,0.27485393930053,163.749581732423
104,2284.7901702054,40.9953293833331,0.81,-0.360329658247803,0.892581023039972,111.98363719763
105,963.788644310658,19.8288601492206,0.92,-0.963878710925537,0.167220011807277,170.157912511565
106,1608.04740504758,49.5531741334334,0.65,0.0771166027993178,0.856143509685176,84.8530075892749
107,2803.19070240354,45.1302329553233,0.81,-0.635061962961742,0.715483871093153,131.592191834789
108,3243.89833295131,37.4769069223158,0.87,-0.771143712562771,-0.541450762393964,215.074223897936
109,2769.87718270645,21.3507152665715,0.94,0.62273586986419,-0.74292268402659,309.970557497231
110,2585.31899412551,21.9495106966898,0.94,0.32675604057916,-0.909374287066973,289.764359480251
111,2210.96774288394,24.0717485411321,0.92,0.831893710007378,-0.520176092060542,327.982606838233
112,1039.82166864486,18.4891170931155,0.93,0.899908988093866,0.375029270202777,22.6235100089443
113,2217.56632928597,21.2644175355218,0.94,-0.728702121688406,0.649630987959478,138.283300757595
114,3029.36982077954,35.8457483986117,0.88,-0.956472389546954,-0.0919611452093425,185.491888076849
115,3205.83219974071,31.7670380423311,0.89,0.380166237576807,0.836032697592189,65.547448029778
116,669.766582892406,16.5384826303729,0.92,0.744480000594683,0.6171250700764,39.6565032592368
117,1993.49808485135,20.9316812816395,0.93,0.235116936670304,0.940484742544156,75.9640001591927
118,2674.28376929412,25.0773482756312,0.92,-0.846433688975397,0.476807621205771,150.606846671263
119,2072.0769414839,34.1102614647139,0.83,0.591805132069837,0.763543722955782,52.2215616745693
120,2850.66707670755,29.8772852609621,0.9,0.968783928236791,0.0100976395576851,0.597172561485644
121,457.598467347742,9.05778692226184,0.94,0.739309575571426,-0.634178227270884,319.377075572533
122,1465.89174899695,22.8536042636864,0.92,-0.0430695220656144,-0.976990631991741,267.475814962761
123,1064.81765779003,20.2620225373371,0.92,-0.0334417626176461,-0.971323337931697,268.028138271111
124,1473.85956961015,21.9142680040986,0.93,0.911091191127733,-0.367015058090531,338.058934646825
125,1975.88038847756,40.0417154327936,0.81,-0.327277935245864,-0.897842986963357,249.972403884314
126,1990.71490183761,38.1404140350212,0.82,-0.963124815166477,-0.0086352842469679,180.513694671197
127,460.826789117259,8.2861948619381,0.94,-0.974303973172372,-0.0941756786642637,185.52102631997
128,2266.52853104862,22.471849240356,0.94,0.30229736900999,-0.925910108637063,288.081173634153
129,1462.81096823949,22.5085388152631,0.92,-0.78543206311939,0.588126146883696,143.174382422326
130,871.145708047211,22.3278989238682,0.89,-0.610827520434363,0.752976691069618,129.049553103634
131,2413.54261445918,22.822626328873,0.93,-0.832370534644608,-0.514175162244967,211.704615937085
132,1023.36336058679,21.7730401256917,0.91,0.645661539352838,-0.733282643055543,311.364189985897
133,1121.19403149169,19.884449520621,0.93,0.93300523398542,-0.296991287606719,342.342850532279
134,1400.82993215297,21.4572091053529,0.92,0.941409580337599,0.266366451287577,15.79855696994
135,2733.56247441409,22.3938159136597,0.93,0.692820689299772,0.670437288872369,44.0593422745769
136,1185.65306815822,21.0701189662159,0.91,-0.158373636109579,0.963257721307232,99.3367302140125
137,1493.5893195699,18.679364516135,0.93,0.618270771027018,0.758170959272244,50.8035570942027
138,3045.95854186636,26.7170097509921,0.92,-0.344906374817791,-0.881294171935211,248.626438478924
139,1579.93054139788,20.745022321248,0.93,0.96031586731029,0.196102630986814,11.5414824297782
140,1687.17772655041,34.0664935940737,0.82,-0.141746777208857,0.951035134240047,98.4772297179106
141,1472.480336806,35.6013239928943,0.8,-0.39212336534632,0.873562251487863,114.174289394429
142,2197.68987487611,38.4107123339331,0.83,-0.896972894689762,0.374367066788121,157.345943403395
143,1880.85340930235,24.753430696504,0.92,-0.856491976330018,0.482526385274959,150.604165779559
144,1907.68974298716,24.1080675147376,0.91,-0.348267351986065,0.913894605612133,110.860864788904
145,2545.50077500016,24.8750848174078,0.92,-0.976534854428595,-0.0519328663654441,183.044165468591
146,1576.86487165179,38.180204088209,0.76,-0.504257738931114,-0.795139557373696,237.618145573703
147,879.725653931095,34.686778820777,0.79,0.816709545715937,0.488880005604592,30.9046188913602
148,665.531906638619,35.4034614803714,0.79,0.870953388134615,-0.379776832238342,336.440523420062
149,1657.12496378889,22.1189637014196,0.93,0.845992434387329,-0.496333706969451,329.600358039112
150,1179.87820727068,23.7149179975597,0.91,-0.513068715500665,-0.819342333897118,237.945375203874
151,1107.53695170085,36.3668629879734,0.79,0.936673193394088,0.234583340541939,14.0601354703324
152,1746.20431694732,22.0711370149786,0.93,-0.577435579244821,-0.782715213048911,233.58254461598
153,3767.24536977691,44.1719199247787,0.82,-0.0983114750551583,0.72497652539298,97.7225687297832
154,934.653175290258,39.0099139641952,0.74,-0.517470846662839,0.777653005494176,123.640842905087
155,823.410625845193,18.8133347554934,0.92,-0.857553753456045,-0.45175496874072,207.780034005597
156,2285.32167841359,20.1121673132939,0.94,0.0199940933437095,0.970507255620506,88.8197768475668
157,1623.30468383542,33.3203029111471,0.84,0.451570994959304,-0.856467266148446,297.800368093301
158,458.620730875257,8.84519352783174,0.93,-0.0688914346320508,0.963719223057495,94.0888314615012
159,1140.02418238143,20.083643717829,0.93,-0.971681183963859,-0.0773914389836861,184.553820843052
160,2040.52463685569,20.9149569037542,0.93,0.913901856116536,0.345581772233266,20.7135513807017
161,1320.36594149912,22.8884806620696,0.92,-0.934902886602217,0.29448284977065,162.51621715829
162,1707.43462759773,20.8889854847334,0.94,0.24966037230484,-0.94094020594677,284.859932805293
163,2516.12931316475,42.1074913715378,0.83,-0.106722486832514,-0.937690216771028,263.506865627955
164,1931.87076892477,37.9737180086661,0.81,0.966604991674188,0.0738201363126531,4.3672316957255
165,1322.80983996399,20.807336615235,0.93,-0.222098149911975,-0.943562985625275,256.754685606658
166,471.85360753098,7.91898822113064,0.94,0.682520072804293,0.693547489284363,45.4591423531696
167,2999.40987111738,30.5924911999888,0.9,-0.505192298493008,0.802065054806639,122.205369346579
168,486.554750235115,9.12260823406879,0.94,0.977324402861735,0.0321729521819933,1.88546292379877
169,2124.56346656612,38.9199497856199,0.83,0.471672227139599,-0.839475218891632,299.330133125978
170,1191.32798010215,22.8220299441211,0.91,-0.78792948288885,0.582695454116286,143.516059017536
171,2627.45008362077,40.1958880927323,0.83,0.948716527337216,0.198211640486198,11.8008351262069
172,2062.18871963423,25.4019931106382,0.91,0.910036588684449,-0.367273924639603,338.021908929646
173,1778.2436376295,34.3287849671467,0.83,-0.00515488225714899,-0.964402605933428,269.693748043981
174,548.159636635561,34.1112521163881,0.77,-0.222110793310259,-0.879297042742691,255.823614319215
175,2388.69935787804,39.6915392302158,0.82,0.9631536811961,0.127292107609604,7.52868085978061
176,460.079305593588,8.60128027341279,0.93,0.0187975992184689,-0.970382642630938,271.109756467378
177,1304.52158198921,22.6437508022405,0.92,-0.894572387950395,-0.396086371213239,203.882141053775
178,2518.62003483751,42.3027923063899,0.82,-0.639314446315646,0.71480388165197,131.809175696305
179,4216.20199696899,45.1183495472333,0.83,-0.322004123505442,0.107954587282125,161.465840190098
180,1754.68907603091,39.5699974928829,0.78,0.776607220203432,-0.569029692250742,323.76930665529
181,1292.23620900638,21.4824170959249,0.93,0.899320152815936,-0.38939347431886,336.588040374527
182,2225.56442678889,21.3376643206671,0.93,0.958624685412164,0.197434080240766,11.6376576227286
183,874.482789896972,33.7132839432526,0.79,-0.937019969192888,-0.195148302857404,191.764527094669
184,1319.76091668492,35.9002429856408,0.78,0.527070504007036,0.791835891567279,56.3510338054159
185,2910.51842401218,50.6264204645068,0.79,0.391052561737349,-0.805910355482492,295.884091916057
186,1603.23277538735,22.1491349177174,0.93,-0.293821799977268,-0.928715154457539,252.443956353237
187,1638.80576113094,36.8732702569582,0.81,-0.8981362479932,0.351231431632974,158.641172847292
188,2357.75951046987,23.2911812440534,0.92,0.932786011141134,-0.292102758854222,342.612006916622
189,1961.02324325246,22.7334984631212,0.93,0.584316615745295,-0.786704791946082,306.602725972001
190,1424.85252121748,37.397250734381,0.78,-0.958857392722301,0.0766334620755278,175.430539514647
191,1931.40296116887,37.841225866538,0.82,0.613878856837422,-0.74761023170766,309.390154667442
192,2979.35078710779,25.1880728786233,0.93,0.69841459980213,-0.657755319764919,316.717268236024
193,2676.52916334098,43.2841806237947,0.84,0.673975746414364,-0.677173714432754,314.864389741008
194,1550.59018877328,20.7119412350804,0.94,0.506304027264657,-0.836276562456816,301.191825450957
195,1357.56490164879,37.9940769170401,0.78,0.932763417349077,-0.237373890260353,345.722180865012
196,1741.90770117546,24.0102994278096,0.92,-0.65724051915089,0.717681010957899,132.482942146866
197,3093.38116970757,37.8360178019814,0.86,0.958331436182825,0.00620983324049764,0.371262220018758
198,1009.22386104563,20.2761135009656,0.92,-0.788191015862653,-0.572872723757716,216.010391125037
199,822.988709109745,20.4805358746403,0.91,0.607266667494197,-0.75192170536998,308.925020547426
200,806.54046721521,21.6333323983909,0.9,0.171474141901123,0.950269412823084,79.7711695408028
