"Group.1","ele","slp","svf","aspC","aspS"
1,40.4178856481491,5.80868326732838,0.03,0.274111902512963,0.0501011634701609
2,48.583484724775,8.19060985629237,0.04,0.38265396853237,0.0822744939392541
3,49.8303690763286,7.74552265451133,0.04,0.273723703394211,0.154440048270657
4,45.6559563982288,7.15364555309529,0.04,0.0453507750827314,0.207719252006587
5,47.2827523930522,6.89586794978235,0.04,0.0243366187607181,0.209957110277613
6,37.8934829734025,6.710148979061,0.03,0.279172593972582,0.0792519432833929
7,40.0661267551279,5.73020934790916,0.03,0.257497482631053,0.056285738628022
8,39.1222260546843,6.73124824526254,0.03,0.241850719951781,0.113817763275781
9,40.9999608223642,7.56104823159111,0.04,0.188417438174233,0.153434532265284
10,51.4187529841152,9.39147964721388,0.04,0.344001233730914,0.0787225108214821
11,59.4981668329078,9.26040332637822,0.06,0.439803782553067,0.132544254461096
12,41.7125909589424,6.09250675118536,0.03,0.0316118784200064,0.20724374939137
13,42.2739854371949,6.12082261407439,0.03,0.16677194130017,0.177203792755799
14,55.4060467667221,7.82440701189004,0.05,0.367454584656476,0.129793426351094
15,41.6759750497837,6.4075970102195,0.04,0.104307680284039,0.187750708125903
16,41.3964611139116,5.86495600659881,0.03,0.157748519281294,0.143840416785233
17,71.4435045000479,8.20897158547351,0.06,0.459397134043378,0.135974913223832
18,57.1538413184156,8.21491538097854,0.05,0.402746862926965,0.10159988010638
19,41.3721730141667,6.75238719541028,0.04,0.271447481191228,0.0908559359262668
20,44.9629009669989,7.19707088596126,0.03,0.165885611216748,0.152777791771398
21,42.7596542247639,6.53059893370623,0.04,0.236794578130836,0.103257265066362
22,44.4224221898615,7.26627647174295,0.03,0.0537225795295864,0.203704353915952
23,43.7787236640663,6.04022383163634,0.03,0.194049510785894,0.132806684922676
24,47.4852892448855,7.95015934604756,0.03,0.0340749902048103,0.241714906172052
25,41.9894638460764,6.54798837785258,0.04,0.269037887650633,0.0597544486101922
26,47.0170184563854,7.483520186869,0.04,0.163256397760716,0.18010601482832
27,39.484849511735,7.41715374839885,0.03,0.123232542816354,0.188126623615637
28,47.0263029028527,7.37082675337356,0.03,0.0218668575563347,0.19121104938352
29,37.3837148425232,7.35971624604632,0.04,0.252002499152418,0.0737941557953002
30,76.7017575770566,7.14473771339661,0.06,0.532719511107677,0.201437529989373
31,63.1095258791054,7.98364500427286,0.06,0.296810029574635,0.200130564513446
32,43.354623969226,7.40855963829456,0.03,0.087579330855806,0.200356592434175
33,60.9852434036438,7.14190694598307,0.05,0.0888004202698018,0.2454470884369
34,41.3741415458308,7.03557631425754,0.03,0.243715395087063,0.0912926920440321
35,37.4621857738404,5.61018631156091,0.03,0.22245547939062,0.101323194113297
36,46.2829447017052,8.34757986893677,0.03,0.31771882283654,0.18769810232517
37,42.0892778158967,5.99844243903141,0.03,0.139611133708534,0.183000545958101
38,48.6843652444678,8.43211956986135,0.03,0.0863136460627764,0.21735548854718
39,49.5531066083376,7.33080401382585,0.03,0.136900222183979,0.197948882457275
40,68.2149509712337,10.1911470498896,0.05,0.0645047530155496,0.298535811006844
41,39.6122366482863,6.40767876712056,0.03,0.274191758340049,0.0409214993273239
42,40.7866946386135,6.34284719037913,0.03,0.187133948443027,0.138882591194986
43,62.6330828180063,9.52593970558353,0.03,0.560193963005289,0.254069311594409
44,39.9650668719585,6.1255459412056,0.03,0.255554548840497,0.043830326154231
45,47.2496519281558,7.95166560379862,0.03,0.039938300784673,0.212318216936759
46,47.3079192767773,6.50502498512735,0.04,0.0573753504693948,0.185728657659077
47,44.151302751834,7.37403713457026,0.03,0.108668102384751,0.202774167419525
48,55.463961597601,8.22893657548114,0.04,0.121299977447176,0.251646852351686
49,43.950812710708,6.66943669508077,0.04,0.0259745513310208,0.206242098704771
50,39.8986021088444,6.71937273327322,0.03,0.243425633310224,0.0750918449139188
51,53.9047821494016,9.3760767246924,0.06,0.432668736200086,0.14520272649823
52,61.3202534991382,8.66717025515496,0.06,0.459861783962317,0.140542268402705
53,48.563515273176,7.16977820239147,0.03,0.146025994044979,0.195578617708836
54,45.8942538851183,6.96023969224296,0.05,0.0597086547173806,0.218326691537186
55,55.947557901216,8.31486324040275,0.06,0.424056606128899,0.131921122354137
56,49.4533312449778,7.11025449780318,0.04,0.188360214510733,0.195510146030101
57,43.4557031362651,6.83652431178239,0.04,0.0242992150012565,0.206695063817139
58,56.1462319922379,7.23229411364175,0.05,0.426164214858135,0.121195723917731
59,49.060636659114,8.01426545190225,0.04,0.0376817272598492,0.200228196179468
60,44.751656981049,7.4482073076868,0.03,0.0762240597234062,0.187638505152829
61,42.5455858971118,6.13931121781926,0.03,0.243558687288795,0.0984947437485005
62,40.634402485796,6.32707099615472,0.04,0.15660154462031,0.15705063233321
63,62.2702873727484,7.82516122768658,0.03,0.379207127925496,0.146694602192796
64,43.2847634304711,7.22927844262014,0.04,0.267121524272797,0.102956504894144
65,41.7890421404185,8.12878457881816,0.04,0.291814193743826,0.0470852417092036
66,54.2352879131447,8.94973913262145,0.04,0.370544195010573,0.0748216215647238
67,45.3509587385527,7.75653953819102,0.04,0.178631077694099,0.179738090667701
68,45.8005395313195,8.26866791824875,0.04,0.189174683014668,0.187356717936132
69,43.3497559261356,6.39191880920921,0.04,0.0528309263959277,0.205345695008802
70,48.4295732615661,7.56923705519281,0.04,0.140649449621129,0.195000313762952
71,48.0934004794508,7.77951479528164,0.04,0.070804180434417,0.216202400971883
72,72.579759463729,8.62728198321955,0.06,0.130502607755896,0.325489034305006
73,51.7688585772527,6.92671378759942,0.03,0.215157494560433,0.253606128157513
74,68.9921419529258,6.46321243437989,0.05,0.400098946805789,0.129548978093686
75,38.918308259079,5.94475118706437,0.03,0.207321736604654,0.11821939377885
76,42.6594602139043,7.01024740243453,0.03,0.197333209757021,0.137876032341124
77,53.9932041555643,8.49020176342005,0.03,0.260782310548399,0.19201167929904
78,44.7320918190429,7.0935201868151,0.03,0.157814794173286,0.1807598946893
79,48.1901859236953,7.15876487591889,0.02,0.313164929146737,0.056577560747584
80,45.1084799548551,6.67173892432815,0.04,0.078140935257758,0.2097555423263
81,50.4931692535926,7.84506225961308,0.04,0.0609264813769526,0.204031348722654
82,54.3266981188925,8.55215016900925,0.04,0.138983318443686,0.20381513414894
83,46.2208625676809,6.54860205529072,0.04,0.151806680132815,0.170035133577201
84,49.4011346564966,7.7717378902766,0.04,0.301114815839799,0.0854122013697736
85,40.4482654754144,6.24495918009761,0.04,0.197369706806787,0.127835513683047
86,43.2060581710924,7.09196528142912,0.03,0.0302794733325658,0.184736477438263
87,56.8692600054971,6.55453433168788,0.03,0.495418424022027,0.140556543779437
88,43.9656240891776,6.65464939643119,0.04,0.209479114955744,0.140118775336503
89,57.9896868615603,9.54013593805824,0.04,0.0725930587421144,0.232490189734588
90,54.573590986757,8.20248345508767,0.04,0.0534597604158025,0.272804141596188
91,41.5541291292783,6.84619740950774,0.03,0.132810161696405,0.167470975251199
92,76.8639729900871,8.56940581172145,0.06,0.299363210584548,0.226437349664723
93,43.0356334285053,7.22253219146977,0.03,0.0313488116783187,0.201084119097354
94,42.8924004483493,7.22275944040814,0.03,0.317049167902459,0.0554266383799938
95,55.2076331078524,6.77666329014445,0.05,0.0423792634578836,0.247328559412519
96,43.650274892826,7.11549467416229,0.03,0.15103987383844,0.172430965496246
97,47.7438403306867,7.33668344763616,0.05,0.0735227611233286,0.206597433489395
98,37.3418287083712,6.09230115706553,0.03,0.194126836417208,0.142850634355163
99,49.1582251953161,8.56345778204219,0.04,0.270432529408876,0.137331185427057
100,66.7748472797017,8.92291614434366,0.03,0.488921303488977,0.15581438949813
101,53.7056007251637,8.74564056274441,0.03,0.0401810852517792,0.253827243795493
102,42.4299172376569,6.93658733208025,0.04,0.16495416061149,0.186706753828945
103,50.9211472031876,7.49340926112381,0.04,0.153334722362726,0.19492904210711
104,39.6872392147615,5.83421223424336,0.03,0.290475604774439,0.0822804243674873
105,41.6611409234291,6.88630955485034,0.03,0.302072573276485,0.0523570195962785
106,48.0072639909619,7.93874724461086,0.05,0.0725219582625367,0.239550542492491
107,49.3348481825026,6.57229606873873,0.04,0.142862974715963,0.181838491020921
108,50.0185781348486,7.04309483204708,0.04,0.336545093794705,0.0879275599279428
109,47.1803494841674,7.38948744716623,0.04,0.1204309663869,0.203765301386218
110,39.9443034495981,6.97409628767813,0.03,0.0743937116624025,0.184963608001317
111,42.5326568145292,7.36760776624009,0.05,0.18991012467637,0.174758234777064
112,54.5402231218779,7.81693331790179,0.06,0.0466927886994091,0.251268703865261
113,52.3174106513839,6.97380795554392,0.04,0.290188795602554,0.182001644924944
114,85.0338918025903,7.61780246876218,0.05,0.455079388175474,0.241332932148626
115,44.0151603382287,7.34502131671971,0.04,0.315360504044325,0.0651367382183055
116,40.2574093966593,6.4417064251301,0.03,0.181689989903004,0.139103010954811
117,51.1145774720374,7.54386579182788,0.05,0.0950312908403821,0.224564380555114
118,40.5844740880716,5.75407992914986,0.03,0.222950658930394,0.130257159386619
119,44.8515299106468,6.25691928730782,0.03,0.27542736753584,0.0417195608519963
120,41.4487745225165,5.50255473781127,0.03,0.206192284770529,0.126636861075653
121,50.1212362530529,6.45156714893187,0.04,0.0413228164819583,0.207915964167764
122,42.7800672287625,6.34893518990443,0.04,0.0898953785239621,0.189901921072462
123,58.2988655322721,8.29315637820752,0.05,0.111740792656659,0.25079371842312
124,43.7390781481234,7.0085555193358,0.03,0.135125684266116,0.165243972248205
125,44.6751795222753,6.21007026998445,0.03,0.181526474112122,0.154042876119482
126,39.1203446749219,6.20753674564686,0.04,0.260027685796527,0.0363873357897539
127,54.1704904890224,8.02939339356694,0.03,0.0777119583687486,0.239341942356857
128,57.1161150257108,6.6038726200796,0.05,0.131384631407027,0.259029438289127
129,46.3110684364252,7.89932734299411,0.03,0.131517128163994,0.19297257828942
130,40.1698007659855,6.77250079188849,0.03,0.242947857516206,0.0958761792931107
131,53.3325782490949,7.42359580926097,0.05,0.244419597359854,0.170491070499651
132,61.1286025699409,8.30184386416972,0.04,0.564661364907377,0.31194773975786
133,66.9255186340946,7.51546969256931,0.05,0.0529337630143228,0.274952639404256
134,44.839276488667,6.66799521586956,0.04,0.142212657092611,0.177942457503549
135,65.5935174925557,7.49118321672242,0.05,0.450322976691574,0.155004780493669
136,47.4953042646749,6.52201296624596,0.04,0.0894799066248648,0.205332424640849
137,41.3912898423189,6.15220895375376,0.04,0.295904722224473,0.057414889646065
138,64.8337546201476,8.49588729582622,0.06,0.445848423134561,0.137399549491213
139,39.1761584424497,6.03718296513665,0.03,0.257394937118636,0.0805231568248219
140,56.4751871052412,8.12588159161758,0.04,0.124996124956177,0.25003536153868
141,51.6334258713648,6.89494744093736,0.03,0.332007117133832,0.0781991328021016
142,46.1538666444218,7.92237829210466,0.04,0.136466905031708,0.201811843445884
143,52.6765162186164,8.37704092344702,0.03,0.242830118847334,0.160001184183801
144,46.7729477629081,7.18594108250341,0.04,0.19401642985058,0.153938542832071
145,43.7171335801611,6.62641307185909,0.02,0.270875020541805,0.0632144860701103
146,42.0226200701814,6.94549856251659,0.04,0.273566614892791,0.0941144585709917
147,64.0713293973024,7.63219600124464,0.05,0.431346690964477,0.123303108575553
148,44.460159638448,7.13816289530767,0.03,0.335381342950686,0.0871079451695937
149,73.9061259969135,9.3787898682565,0.04,0.11702356968722,0.309516620857925
150,44.823791089144,7.58664557208733,0.03,0.0251009188098472,0.1960216141299
151,51.5466533700259,9.30154712647217,0.04,0.324296551961495,0.0557993015284933
152,38.1681819368655,5.94301772427824,0.03,0.260818221060628,0.05924847225113
153,67.5067632420799,8.1811637014822,0.05,0.496317881784548,0.165362950824005
154,52.2105884571133,7.95853576428714,0.04,0.0515783223375554,0.230500531505463
155,46.1397812400185,7.45872051208278,0.04,0.192879594581351,0.156839356756643
156,42.8872159069219,6.71749147777189,0.04,0.13490472380597,0.204108484186036
157,49.4578021220773,9.28676470230018,0.04,0.13911184166696,0.206582487051734
158,62.7818070310636,6.53351382078279,0.05,0.440538502183278,0.135111361341862
159,44.7283933321702,7.33825714127061,0.03,0.0716473569814432,0.199679291949506
160,46.2603490288376,7.26328364885473,0.05,0.0249596306836146,0.220368020770469
161,56.3804284211574,6.87162396657467,0.04,0.203225973144464,0.220957399042247
162,75.4760214167986,8.91223867781013,0.05,0.190407605924568,0.311467460266572
163,55.5457370930743,7.33791267744405,0.05,0.0444084422743476,0.275830360023721
164,65.9102870974886,7.50530707166276,0.06,0.443541945694444,0.133249881583581
165,45.5406908475475,7.04887531895129,0.04,0.286771742617247,0.132164940179993
166,53.5631106218204,8.64353287949383,0.04,0.055808444026128,0.249470600356072
167,49.3520341099458,7.43198365988789,0.03,0.408149373087785,0.0969037120713031
168,45.640774574867,7.52685539579813,0.04,0.0648628785404318,0.204313356347374
169,40.6149713803237,6.57273237017823,0.03,0.203149783970246,0.135867985236892
170,71.3494142108435,9.48564106321835,0.04,0.0762063009668869,0.324529428212174
171,93.0354665749367,12.0605736670629,0.06,0.537357524615701,0.311933756305961
172,52.7707205400952,8.2247219286125,0.05,0.0719492853650503,0.233494849295492
173,40.3801198954479,7.23390592248862,0.03,0.0925096443053904,0.168806263777622
174,53.6307537959375,6.58211534355917,0.04,0.140077092751067,0.235221914755303
175,41.3947274098344,5.90341036160071,0.04,0.224884066377068,0.110830253427506
176,44.8039934145518,6.49839994794354,0.04,0.143063194054708,0.162529863508167
177,64.1156237059307,8.25129524493079,0.07,0.275401127279408,0.197447546900715
178,60.7496359561592,7.40721843854413,0.05,0.0802518932945225,0.260831134025596
179,44.4910741554414,7.04807557604692,0.03,0.0405414461563181,0.183256649434946
180,46.5762295999335,7.12969030702538,0.03,0.333503992434446,0.0788471035172516
181,42.6636683307354,6.68439939900528,0.04,0.0315722480236872,0.209404336652948
182,68.9824554134977,8.27015596677335,0.06,0.420904863785796,0.172477519618586
183,42.3715150589439,7.43718131464157,0.03,0.176752391437753,0.149814676813718
184,47.5605670215942,6.88125234533889,0.04,0.110870884261895,0.192348582281612
185,40.5740072301795,5.93231794930054,0.03,0.159752358514667,0.154355855584395
186,42.472320235091,7.14990127619303,0.03,0.0831794858628186,0.186235881787397
187,53.362295711349,8.06988742092157,0.04,0.131950996562215,0.202550099759611
188,71.1890080855849,10.3397327604133,0.04,0.0531406179505423,0.32320635718315
189,38.279302418224,7.11755019339887,0.03,0.263604204487114,0.0729924062985388
190,55.3696207760167,8.5119586944281,0.04,0.143234060509575,0.214640309591302
191,37.5783100401902,7.04767825429322,0.03,0.180982479538443,0.131673349426559
192,40.2766239152874,7.22756750787698,0.03,0.0751962711524107,0.184008966554553
193,283.974908962679,17.1804901705685,0.13,0.609133996083073,0.792290572860896
194,40.9873214519783,7.2039567755657,0.03,0.0436611455220334,0.201508982955767
195,57.1419365957455,8.98910832218655,0.03,0.42646526380522,0.120975914959365
196,40.0672878276992,6.80833622640458,0.03,0.129086289140479,0.17062496078006
197,43.1576767624743,6.93416213639196,0.03,0.133773121527662,0.167546652215533
198,44.4787323981164,7.53065177871451,0.03,0.239370841822795,0.11879716103267
199,102.754384141555,12.4543133817279,0.06,0.610953959828574,0.244726675492505
200,45.233519842521,7.16394771722508,0.04,0.278722482322205,0.0851856827778303
