"Group.1","ele","slp","svf","aspC","aspS"
1,57.2727287684438,10.2110370494877,0.06,0.268408207031409,0.14825911724545
2,25.0257675821779,5.26800211979537,0.02,0.139121023019493,0.0113172769468659
3,46.5593392922105,8.56596970344961,0.04,0.236509172344166,0.0531753316090087
4,38.9105541632814,8.53864272342503,0.04,0.0676528423119466,0.174082545373743
5,61.4458514493798,11.3557224076218,0.07,0.325092412860154,0.0966895552374216
6,58.3914677116326,11.7596054541814,0.05,0.281359727802609,0.116504385802406
7,55.4602258863698,10.448831893646,0.06,0.0476371665597046,0.265296173394593
8,32.0907943495956,7.26805225735085,0.03,0.137118826656642,0.0575760192553904
9,30.6796347722179,7.75905439156572,0.03,0.0676480446846865,0.141017698825259
10,63.7593027051669,10.8296003227379,0.05,0.192195468327421,0.233973329031386
11,43.396773554407,9.18580157423831,0.04,0.0892789154790202,0.193793201957296
12,20.7789205712695,5.20789947651234,0.02,0.10397732803346,0.0398922020429946
13,20.0576775637336,4.2144526639308,0.02,0.0964631186621478,0.0150211466890371
14,73.6390381201605,11.8898157747894,0.05,0.149291056236698,0.301891761918157
15,129.035608987939,14.0565801619525,0.07,0.580511283591785,0.422754835202603
16,43.273163192693,8.32539237977985,0.04,0.174937704082538,0.132158584885239
17,52.4506301899424,8.89187050948116,0.04,0.205106857932053,0.164254869832697
18,41.064561958981,8.65822717910168,0.04,0.0752737302934527,0.173547040198169
19,48.2819605399358,8.64652506057428,0.04,0.191411025250872,0.139903192002607
20,286.817368410252,31.436143108346,0.11,0.642622491937019,0.741650150242799
21,81.3603027018829,11.1796952588246,0.06,0.377288367829963,0.178920766415496
22,28.3001800096305,5.43761175916919,0.02,0.00754534719412635,0.12331497588123
23,23.9307581206649,2.99848097070944,0.01,0.0388989192981143,0.085652173284301
24,42.9055701463846,9.34080937589803,0.04,0.155751752597714,0.149681276312003
25,60.1021108015642,11.5072175943594,0.06,0.185628372051985,0.234673919354509
26,56.5851618915459,9.25436250542775,0.04,0.194594240046123,0.180557803542249
27,56.4930479640239,12.2402753542146,0.07,0.0586050759559005,0.287213457059938
28,21.7368087728648,3.39202178215605,0.01,0.107507205380492,0.031067322228388
29,29.7808198503548,6.1463682798296,0.02,0.0547845751528924,0.117673099306885
30,108.089622460309,11.6486502440072,0.06,0.435652150766979,0.36863203088594
31,23.5856895864389,4.13848141121762,0.02,0.0270793541308747,0.0948543279873498
32,47.2686225096898,9.01527275915095,0.05,0.236307177116318,0.0397246353900052
33,53.5807845520348,10.0246535852993,0.05,0.133426228120697,0.201499358306849
34,53.2918368615016,10.2755556617607,0.05,0.231597127856619,0.141729225519425
35,57.0426725921799,10.4495805406081,0.06,0.0504185375433614,0.293436918942948
36,65.1007298610869,11.5971767528097,0.06,0.169757041871005,0.295194737315494
37,78.9781160678487,11.837181586657,0.06,0.343734786343121,0.209107744113129
38,61.8978282777359,11.4536014982484,0.06,0.208108382524547,0.225272388331502
39,22.8992474195806,2.98838783312311,0.01,0.00846385178205945,0.0937081550588887
40,68.3070113304629,10.9647695802711,0.06,0.150320246448382,0.286420865936516
41,32.2867943251927,5.82123065117891,0.02,0.130680180332146,0.0288467619885464
42,22.0655358446512,3.248713044114,0.01,0.0901760491228457,0.0307496174099223
43,51.1280903383109,10.0486887722292,0.05,0.0908541261494801,0.253356526887816
44,22.7693766453374,4.42009834740636,0.02,0.00865173763171757,0.0948930590297631
45,62.4744726282847,10.8833430781719,0.07,0.237600521377679,0.249577636196923
46,60.499997822256,11.5267680608642,0.05,0.227146959249838,0.150140002908534
47,38.8599939011493,8.60043437656851,0.04,0.192414992560835,0.0210110345903751
48,55.5112151434631,9.70098911176698,0.04,0.255664889941186,0.0521606288640336
49,25.0458070062846,4.52910657927323,0.02,0.0835005657587331,0.0442498015550695
50,36.0548776334869,7.82251183999698,0.03,0.107149001192219,0.122728431083708
51,42.728073101693,8.65592965956749,0.04,0.150838094355069,0.128727613391267
52,44.9520636374457,9.13861177299533,0.05,0.105947964727439,0.210212091596759
53,45.9167815566518,8.65374869010344,0.04,0.0475810025672662,0.217971322755175
54,49.0840505464698,8.74198756868064,0.04,0.221144705264588,0.13658143139127
55,69.6613082972616,11.8944657151116,0.07,0.204468039488463,0.275287951491845
56,34.4934085259629,8.2015557672731,0.03,0.102172084870037,0.132815982115982
57,30.0807496179757,7.1723337082657,0.03,0.154251463724899,0.0516771617227641
58,33.0169335054833,7.87326519811822,0.03,0.0206860488201261,0.158624832083698
59,64.0596946696998,11.1913475551551,0.06,0.217839240496592,0.233066337201805
60,48.4681173785674,8.77264675223536,0.04,0.152761999899865,0.179128000975298
61,22.8223550247755,4.37158559777785,0.02,0.0376269609189725,0.0850393031507669
62,46.5748882680337,9.34217393658445,0.05,0.211982601409404,0.0308048940405954
63,20.6217946426276,3.40604731225525,0.01,0.100154070058499,0.0102178729126618
64,44.2299746600971,9.17867553784737,0.05,0.211359086120789,0.0887625364574839
65,70.3766947351088,10.6078812640265,0.06,0.318714939204295,0.193426818489245
66,47.6496286589804,9.0183812042443,0.04,0.134630560247937,0.205464878418183
67,44.9073636411747,8.99625419672993,0.04,0.221114758177661,0.0611097054565761
68,25.5889166180913,4.32283128330001,0.02,0.0242790856937289,0.0904610534374255
69,45.0747407902922,8.49555966573409,0.04,0.218680269047881,0.125334299852432
70,35.4040164791004,8.08469615593373,0.03,0.0520928567613736,0.168213337551308
71,22.5309435589661,3.05812150712944,0.01,0.0692399167414353,0.0715400540692303
72,51.3421958969898,8.47586155297284,0.04,0.217263989750416,0.156744796924965
73,43.3501534122599,8.45538110651527,0.04,0.0618063286694943,0.201152288181153
74,56.1595792088403,10.515665622224,0.05,0.0427319172546153,0.277525988912378
75,20.15317569721,3.19900980869598,0.01,0.0772802149072048,0.0762557163005127
76,47.293715345382,8.43310643347067,0.04,0.134331327616542,0.202632354218125
77,34.1017770192514,7.29197379046597,0.03,0.135300671571129,0.0908718835426718
78,65.9767960721593,10.7058035550275,0.07,0.302396456640174,0.156431397485137
79,54.6740404031388,10.3393883176598,0.05,0.0458823089772483,0.274671146195714
80,46.5311444964058,8.68661705507468,0.04,0.206686280586643,0.110354547754971
81,53.5757371129322,9.27593992704198,0.05,0.252562916841996,0.110285298665682
82,55.4800635131893,11.1797792638953,0.05,0.280992846800985,0.0652479638002769
83,45.5761996290064,9.38148997985131,0.05,0.107400713673002,0.19893790576765
84,24.7846694671406,5.0419159217845,0.02,0.126135927063477,0.0273961560977278
85,60.3704084396008,10.6534199630042,0.06,0.160190071447586,0.291443378542806
86,35.9524319332501,7.86270761759058,0.03,0.0412974519563726,0.17858623804363
87,66.0121080487736,12.1868551904044,0.07,0.34272677785276,0.115481013851057
88,53.7288698648601,10.1540944121739,0.05,0.256794397588464,0.114019750918789
89,9.77179839153117,2.48522643882996,0.01,0.040451453789133,0.0252584812220597
90,22.271805668086,4.05583434796268,0.02,0.100711588815872,0.0223903462155804
91,48.1781539921272,8.97764977483021,0.05,0.0602641423537146,0.225142869905402
92,26.5835222291023,6.1577580041501,0.02,0.0912063870617368,0.0817611734820494
93,45.4152297837523,8.02541734964296,0.03,0.0261683585715413,0.224386849894356
94,23.6320785799912,3.32182334371275,0.01,0.0899862942420348,0.0041588286855181
95,41.8409174017001,8.41466474099734,0.03,0.138594471385741,0.113242038947837
96,39.5263523911206,7.97903235761521,0.03,0.143083580139075,0.130542258278424
97,171.596964743535,13.1373616675392,0.07,0.606899751529441,0.65706840683413
98,15.9581498868475,4.12944921455251,0.02,0.0795660296576238,0.052717144622277
99,23.574219602399,2.94100933283954,0.01,0.00947769843061111,0.0910149291599429
100,24.3231845644014,4.73297785472414,0.02,0.053189243016012,0.0782700878848864
101,46.7312608425066,9.11008998067097,0.04,0.106934287768216,0.184220526466117
102,54.97541831122,9.7759223992423,0.06,0.0592985711142447,0.271653738423057
103,76.112941776159,10.9613525008569,0.06,0.087518961456477,0.313862413883403
104,56.1493139491838,9.74096341890534,0.05,0.245697345455378,0.114754915206554
105,25.3867527341582,3.38649653107884,0.01,0.0848864024162159,0.028896521956255
106,60.0370237640442,10.9270091585178,0.06,0.0512334198987789,0.279222363556452
107,44.6391661704275,8.76827556816382,0.04,0.219244061549033,0.157790234474793
108,66.3304807355644,9.84307365939532,0.05,0.284717567012875,0.121382153794118
109,27.7726967403772,5.82757412029777,0.02,0.104172922577457,0.081485914664126
110,38.5974371237909,8.4162110563226,0.04,0.14885858099387,0.143651901628672
111,22.9675355832989,3.01847642702166,0.01,0.0514381723288083,0.0767084821692449
112,61.0086149179055,11.0733523792762,0.06,0.238323799532761,0.184601790538495
113,19.3431976970559,4.02052360622834,0.02,0.107702521796574,0.0178998333751446
114,49.0629793318379,8.89596068858972,0.05,0.0598205556778543,0.232509986249352
115,50.8495947635631,8.40710183496541,0.04,0.0467597994736715,0.243925458858758
116,20.1942274305099,4.5352850975975,0.02,0.0845494664749729,0.060238087593205
117,24.9889079029993,5.07122689427996,0.02,0.0973477553695869,0.0599927754291759
118,36.1844082871055,7.68117857309429,0.03,0.153905496459814,0.0925605302362035
119,57.2107842009023,9.75360104758787,0.04,0.208118453322074,0.200780502709491
120,22.3757563725469,2.94213475089719,0.01,0.024111878698786,0.0906066093716219
121,34.2522604683493,6.80605645393377,0.02,0.170912595493324,0.0415764869454957
122,73.5325247614392,10.865111641247,0.05,0.200731221051504,0.320393460819565
123,60.6231672860026,11.0155692660606,0.05,0.259713021465982,0.136535679625128
124,36.9710314226485,8.71255887620745,0.04,0.179276235680249,0.0493308933237049
125,42.5409376943837,8.78469473501225,0.05,0.164745043540608,0.158573516212615
126,36.6427827026069,7.83518092532558,0.03,0.0165296101698845,0.184218720227287
127,61.2879047964142,10.6006429256107,0.05,0.256399140315648,0.141000560606128
128,49.2548760990028,8.5605661083149,0.05,0.223922384279538,0.149416261310517
129,79.6802639090234,10.9732843216118,0.05,0.298223322300852,0.317917359531134
130,69.3212436652641,10.3797027500094,0.06,0.221987427485323,0.266684387796536
131,38.9610323092193,9.53001030402206,0.04,0.185185018821293,0.084325726334993
132,72.6837497378928,10.8432087688358,0.06,0.376162151463244,0.102561369923379
133,22.3170392490966,3.03163504890006,0.01,0.0402560654403822,0.089362120618014
134,49.5597228477808,9.30558136046451,0.05,0.0453184173083214,0.238097076032846
135,41.8604238786183,8.97433588679058,0.04,0.0761261965585124,0.18817086213888
136,38.0333913836953,8.07597769493834,0.03,0.120532331946798,0.140807946935137
137,123.294096132279,14.0883637006862,0.08,0.534041833738049,0.229805134122269
138,54.4112876742601,11.042584705981,0.05,0.0730495390311331,0.268530923027521
139,35.3407170967996,7.52175012527595,0.03,0.155495514954024,0.0947920237930836
140,47.7026607762671,8.91115185011661,0.04,0.055864143510941,0.200019450127285
141,23.3348219730562,4.21127987430931,0.02,0.00874270872012688,0.0946039235790946
142,23.5011432255971,4.39319332557143,0.02,0.0642281755370015,0.0695151581215528
143,23.3522534295312,4.59350598852748,0.02,0.0831569611662687,0.0441475224052521
144,55.2409724059214,11.8432609773599,0.06,0.302353955914887,0.105419847250217
145,79.720534310748,14.174334238338,0.08,0.331100747460587,0.286660259809958
146,98.5243738630226,13.9063541514434,0.08,0.450228088634618,0.170757630507263
147,99.800166609808,13.5697324872175,0.08,0.138412091675284,0.44884042439551
148,66.6090834783779,11.009258211577,0.07,0.260052762466615,0.286118575383588
149,23.4830627354943,3.13552453494834,0.01,0.0723035232322338,0.0556144143912255
150,54.1632930780023,9.57377195206756,0.05,0.0565363737619382,0.273902049699258
151,50.8289254589108,8.52514377439879,0.04,0.239722818267263,0.11823276451014
152,42.9225556178198,8.89629091616144,0.04,0.209200016103617,0.0238710049137444
153,57.6763431605946,10.6021369228796,0.05,0.212869927991872,0.161664415144742
154,26.5690814144906,4.35377010855302,0.02,0.0946244201222476,0.0152928054094188
155,63.3924607951458,10.2802116185893,0.05,0.346980874707601,0.0801141886923862
156,48.6085326638328,8.71210915563457,0.04,0.045437930051206,0.250729807577127
157,49.9499169774425,9.90317679079582,0.06,0.0778119778779569,0.228283885638924
158,38.6328385974027,8.1500049139779,0.04,0.204174684522794,0.0358353828754952
159,61.241596305809,11.2872023891343,0.06,0.240042307728217,0.208145747318022
160,35.5849508758894,8.07821032442308,0.03,0.159580571528976,0.0161530696624604
161,65.6392820468912,10.3093194945943,0.06,0.239712312946147,0.188513111701735
162,60.2121136656959,11.5206413067781,0.06,0.209377880820583,0.242769811329739
163,27.7550211102635,5.76848375318891,0.02,0.00942704938889945,0.131931189127818
164,42.1068110579179,7.97792251759506,0.03,0.184009385401034,0.12664618020565
165,24.882437267383,3.32932548751404,0.01,0.0871705884489093,0.041751396744942
166,20.9521479396136,3.94887763152144,0.02,0.0375295688350197,0.085655023377835
167,77.5024933244122,12.4578125699156,0.07,0.0850032657219722,0.345661909766615
168,58.1947678518134,10.6893208826192,0.06,0.288139958572207,0.133473128115658
169,23.5961476521789,3.88830711429844,0.02,0.0581877662496572,0.0793908420648393
170,59.5493398745616,9.12448392011677,0.04,0.236601463786994,0.171234416175298
171,49.9724062688461,8.95620017794437,0.05,0.260418777709978,0.0518549237669902
172,58.6365484126561,10.524998977165,0.06,0.0597657113755775,0.314106851065228
173,62.7772880608868,10.5617793737961,0.06,0.283119876089705,0.163280456264294
174,35.6315680216741,7.57989104344353,0.03,0.0726673631976186,0.167996720676949
175,58.7272408780612,10.0165023372289,0.05,0.0494499034257395,0.276939535991919
176,62.0327933503635,11.534276831997,0.06,0.319094504830676,0.0926349390430419
177,59.0200505872616,10.3230628240911,0.06,0.271607805382312,0.142887117919799
178,48.4231597008199,8.59347944175117,0.04,0.103079740130898,0.240294526058893
179,43.3559444294931,9.48022929711491,0.05,0.178970189693705,0.110568749402691
180,84.6990425513159,12.1474931737743,0.07,0.202322441380782,0.36531508119767
181,21.4153922729657,2.88148215933965,0.01,0.0224698313445784,0.092093470506439
182,21.970404425016,2.98160174128206,0.01,0.0531707425883504,0.0806158100344133
183,23.9512605292778,3.19108631682572,0.01,0.0745096250920041,0.056658224197419
184,57.2411119128141,10.7671802550241,0.06,0.256224249838548,0.173946129769983
185,27.7004470809486,5.93811971873707,0.02,0.0997035894707978,0.0792635605030322
186,45.8025062075408,8.80318536069197,0.05,0.240355712934068,0.0394560737890571
187,40.7817477045704,8.31472046365966,0.03,0.054554698050508,0.193640986185899
188,51.6884501798442,8.86606563327836,0.04,0.170429234914144,0.183282655786505
189,23.8838788500387,5.14385171771292,0.02,0.0635578349994854,0.0688692609315706
190,45.0749039616878,8.27688016595284,0.04,0.213342923166523,0.0254418449019184
191,30.0110259291211,5.47384367241797,0.02,0.0722086118803663,0.122383553328309
192,44.9904313548598,9.22062724225352,0.05,0.234139819834724,0.0690304995574878
193,24.8310967211369,5.18880431397773,0.02,0.0550621860657337,0.113703336394199
194,44.7321982467383,8.51376397015529,0.04,0.180515887335151,0.140870591323201
195,57.349192752587,10.3017701615655,0.05,0.244670334410884,0.141768335653717
196,31.1902699518952,6.20236541008232,0.02,0.0518074976326849,0.111871062183937
197,77.5027766443771,11.4168788297271,0.07,0.198763382354772,0.331089219826951
198,47.3063478593222,8.94937465652832,0.05,0.0356998130800832,0.256017290018064
199,55.8945161647009,10.0301851957678,0.05,0.044341713764119,0.283042770422925
200,55.2708780897352,11.1317157871898,0.05,0.248112717901545,0.10614080064925
