"Group.1","ele","slp","svf","aspC","aspS","asp"
1,2765.04766390251,32.2943483146022,0.9,0.10517935770679,-0.954615877055726,276.2874752083
2,1305.74557079711,16.9618414609441,0.91,-0.0372398491947355,0.919469684740774,92.3192941483649
3,1416.85388297271,30.7318889351974,0.85,0.486599828125324,0.815136125184891,59.1646868157773
4,2149.4920605268,36.8260535620268,0.84,0.959679770390418,-0.183880080886617,349.153266681254
5,2340.78424824213,38.4523562007104,0.85,0.977270939170066,0.0163823535025318,0.960380349846784
6,2405.2723768275,18.3531933208996,0.95,-0.212243727124731,-0.933132371462158,257.185914523569
7,2353.65530779336,32.2876210132147,0.89,0.180643885864986,-0.94757372743872,280.793263015714
8,2093.61857920922,18.4719488017367,0.94,-0.408404108015681,0.872789361300312,115.07629210782
9,1715.38262055838,30.3852554086442,0.86,-0.612926345300474,0.751850691949047,129.187727548354
10,1134.16980678488,18.6771939235853,0.88,0.119028262278035,0.928063775027985,82.6914630904403
11,1963.32397814029,44.1887012514899,0.73,0.0283632451852638,0.887811478529258,88.1701726727271
12,2657.09827738352,36.6257974566899,0.87,0.973190231118546,-0.0946179058694889,354.446901300765
13,2676.17340327105,36.6896666484621,0.87,0.722543125283373,0.647084722810304,41.8465291206718
14,1840.20938432049,42.3760372810887,0.76,0.204776186208236,-0.897888086205444,282.847382945417
15,2489.67602541804,35.9917133316241,0.87,-0.859633585405477,0.463573849896919,151.66338553548
16,2397.87898850898,33.1971765374388,0.89,-0.661474270313716,-0.718942264934863,227.383898792309
17,1123.69326468969,38.5549035331289,0.76,-0.138210467923914,-0.866818170710221,260.940689622675
18,1367.13937349357,38.063437330716,0.77,-0.0863140554746383,-0.905553701635864,264.555225771413
19,1916.07442726598,32.3588239906918,0.86,0.277771357607037,0.917009385040673,73.1479120171773
20,2705.75086391133,19.0806117010642,0.95,0.670587532589943,-0.706720900463092,313.497203199253
21,1949.31130656955,32.6238435810544,0.86,0.385330575124515,-0.885882552813769,293.507499176399
22,2114.20773910232,21.0176113979742,0.93,-0.949567525028083,0.232251783702396,166.256029691881
23,2840.83112878785,31.7925557770893,0.9,0.550810633740233,0.800822225750785,55.4795586843415
24,1478.48938922287,19.3209606770573,0.92,-0.969426343084666,-0.0250397781112681,181.479591193655
25,2082.4444928366,32.5458352193702,0.86,0.153090459331364,0.949006142810336,80.8361846668819
26,1674.01239053341,20.64414479447,0.92,0.720216836673437,-0.649767867654718,317.94373821574
27,2159.95307243157,21.7132413352006,0.93,-0.81769240613663,-0.52990777939706,212.945364344909
28,2737.37361813332,19.7723318807048,0.94,0.979478809419535,-0.0598535069378386,356.503146066511
29,1959.8149458176,20.6585423512344,0.92,-0.247103902030225,0.932732629694563,104.838195128787
30,804.332348410194,34.8211837698383,0.81,0.198010289940166,-0.797773160308176,283.939339026527
31,1228.84081860678,38.3574754007008,0.79,0.51583938684444,0.778310015847497,56.464835392754
32,1957.61714796949,18.829373840789,0.94,-0.893495123689651,0.392243092679184,156.298593792571
33,2965.04727173715,43.2137882199651,0.84,-0.92617391730745,-0.272166937095389,196.376036318911
34,2523.03081183192,19.3372527927492,0.94,0.334321077983031,-0.905814037756134,290.258275031763
35,2577.33195879129,30.7277640574315,0.89,-0.41011091821674,0.878667931250983,115.020421204305
36,892.205752999442,12.0380554225768,0.92,0.497122559697524,-0.785301229003718,302.335210628303
37,2450.88211371219,35.2193110705917,0.88,0.777115910018967,-0.585757146250786,322.992556352777
38,1312.47287960406,19.466615650823,0.91,-0.912994548442692,0.334288749069022,159.890028164236
39,1618.30890768716,18.5088129381005,0.93,-0.810987467503491,0.533268527713134,146.672896755076
40,3266.84168121219,34.5750173900945,0.89,-0.945089391775803,0.116300138868775,172.984606394153
41,2354.01702278482,17.5958771890745,0.94,0.0289904113339586,0.960367188154379,88.2709488843612
42,2464.17202830331,17.8470156159016,0.94,0.574579133988073,0.78457143740904,53.7829008562891
43,474.84694678752,11.1336277428799,0.91,0.325003237774755,-0.718347471590748,294.343508196391
44,2271.62760453112,32.0832352204032,0.88,0.0950859298035767,0.961109063037954,84.3499114343767
45,2888.52917525743,22.2290940750874,0.94,-0.968834667448872,-0.121187532846849,187.129860919225
46,2727.79564097606,37.5006662632063,0.87,-0.946274800211332,-0.258414097183675,195.274230512692
47,1999.12104173636,19.2911932064505,0.93,-0.863705944883305,-0.448427378764875,207.437882256329
48,1117.03678393572,14.5875656793868,0.91,-0.88397993220492,-0.374889819463199,202.981467380388
49,1908.06868441924,32.1616715731165,0.87,-0.976858906687979,-0.0503716518258471,182.951837911567
50,2633.94275358345,18.0589546664509,0.94,0.25954678236891,0.931526543287178,74.4308224654657
51,2175.86633119732,44.4300416567104,0.75,-0.132345803302082,0.87989005206946,98.5538366717342
52,1723.56639296899,43.3087208422148,0.73,0.0114724219294796,0.876728645763817,89.2502995691166
53,2981.38550535843,19.7084540284829,0.95,-0.782401709493763,0.572952627965306,143.784688874291
54,2065.64276035367,36.8719883499975,0.84,-0.942526491005676,-0.245791719965591,194.616049891767
55,2378.13842062986,46.8899160404153,0.77,0.105509019948223,0.889746641902515,83.2372632465375
56,1549.21954793299,31.9703822925938,0.85,-0.709005035997319,-0.650853439164622,222.551353756038
57,2369.88195901224,37.2883266649705,0.86,-0.977446658775746,-0.0358588318988856,182.101023847571
58,2596.28485149064,47.4875721242208,0.79,-0.0623585588699908,0.89432392637063,93.9886093648861
59,1926.60762235992,19.8291559380431,0.92,0.968846245728569,0.140807198141806,8.26918106357478
60,2557.58973927328,19.5850237992582,0.94,0.911231506770695,-0.358663766294293,338.515235314714
61,2884.29719151077,32.5712978036383,0.89,-0.362368915921907,0.894241857742853,112.059008316851
62,2322.40326529142,34.8215577654698,0.87,-0.693080067483156,0.685895101612132,135.298529302289
63,3159.34777776494,22.350786825593,0.94,-0.326959020073821,0.853103684948396,110.9697422185
64,1822.95266908953,16.424592231657,0.93,-0.331626361195582,0.898928095160457,110.249679002827
65,1803.52598119212,21.4971492332157,0.91,0.0503354484194512,-0.953989179317912,273.02030355169
66,1039.63573614185,21.9007040066435,0.89,0.0119623327126751,-0.925721501635034,270.740344726493
67,1441.61584064672,29.3160760824416,0.87,-0.709136619864619,0.657960469988824,137.143819144055
68,1365.49585058833,24.8201779893418,0.9,0.707308867327675,-0.654848318620267,317.205533467779
69,2510.06634660818,36.7053635200201,0.87,0.951324684497041,0.223661370635527,13.2302625788263
70,1867.46040840656,16.9187248576675,0.93,0.793653791870933,-0.558844971376798,324.849014816676
71,1654.60232451886,19.3276161844311,0.93,-0.933305656102178,-0.277822310375136,196.576983660381
72,1875.64282893027,43.9378652754425,0.71,-0.872718771062608,-0.339699829619402,201.268136102379
73,894.534190951762,9.26052172514864,0.92,-0.735953391967204,-0.58971876925618,218.705164431692
74,2704.08987194705,51.047310419293,0.78,-0.167406527809973,-0.891695251108466,259.367082347135
75,2540.71800534986,32.3138282402569,0.89,0.48328964174788,0.842302852473588,60.1540107424241
76,2012.44148830474,19.0569006219914,0.93,0.555879679914186,0.795643627399076,55.0597672778396
77,3044.60138639264,24.6106712782036,0.94,0.544970655137638,-0.77339163236905,305.170450779673
78,2374.19175274073,18.2713841757582,0.94,0.742852438648793,-0.624973478109808,319.925568737193
79,2863.87122871847,17.8821829993011,0.95,0.0104477723114001,-0.947955655644355,270.631452556856
80,2545.13612820056,37.9966875207696,0.87,-0.920943497281358,-0.31899967257421,199.105243677951
81,1529.10470601683,21.6713731354323,0.92,0.944705985619012,-0.249381093604339,345.212529294177
82,1172.97209271004,18.108126155555,0.9,0.812431782292408,-0.528298723801238,326.965322666304
83,2236.96926822335,37.6160753490548,0.85,-0.719847011689095,-0.655640375552985,222.327419471951
84,1630.34625328314,18.7637447637148,0.93,-0.221106242206239,-0.923660666909951,256.537839479809
85,2094.66619256138,33.7728699491942,0.87,0.535989581233556,-0.810814122428237,303.466741708459
86,2717.83451433734,19.2605634524989,0.95,-0.974219983912618,0.125903882614642,172.636162345728
87,690.813121337457,9.25032528849169,0.91,-0.135139760355874,0.846495796986777,99.0705054954562
88,1913.98321546632,33.1902438768132,0.85,-0.534001934017447,-0.807049284290949,236.508508450652
89,1136.82569558649,20.9742050351081,0.89,0.94000487239514,0.238896642289717,14.2594941975395
90,904.035780062302,12.0825448281967,0.91,0.953822900146561,0.11377358380506,6.80219667270597
91,2291.85055978503,19.0984790800557,0.94,0.774289008046704,0.595644467942762,37.5703371385547
92,951.948815469156,35.319045400112,0.8,0.568164272626713,0.732328521063967,52.194527374956
93,2416.55028442831,19.8465089942805,0.93,0.97189678579289,0.118321365125116,6.94118649074434
94,1957.31480184177,17.9431872854509,0.93,-0.0520698857606504,-0.945356263235891,266.847354458076
95,1176.1718039938,34.4921101527359,0.83,-0.963105716852845,0.097274375737927,174.232642877663
96,2760.6220368218,19.3344417812564,0.95,-0.743727632891616,-0.627952993495703,220.175470824078
97,1971.24494282659,37.4932127971184,0.83,0.923639684134806,-0.31432936829759,341.205738679096
98,2174.89604332765,32.3537150395556,0.87,-0.58419869323787,0.774997754973327,127.009240898238
99,1436.90654781274,19.1641203020377,0.91,-0.423073618653153,-0.853825271043268,243.641412443167
100,3240.24983860603,22.5585174792757,0.95,-0.110554273017129,-0.85115786650032,262.599459340932
101,3090.45151740592,24.7444659091487,0.93,-0.964665923901745,-0.0581305838401812,183.44846266511
102,2030.21483473467,34.2062309761614,0.85,-0.729352841345023,0.637162813899179,138.859529706699
103,1625.08446016043,33.8537796536871,0.83,0.758625331357398,0.602478598939895,38.4556005648967
104,2724.16650131788,33.4771937532871,0.89,-0.240136847441406,0.922599507142197,104.589396164097
105,2110.61157311106,18.0889413428355,0.94,-0.0538903229019779,-0.950320265285395,266.754373442475
106,1582.92526475192,35.2035354515051,0.82,-0.936292050322877,0.246404909178012,165.25573526465
107,2784.21293395541,41.9758962927883,0.85,0.781301256243997,-0.579736732680887,323.424055250119
108,2930.92327571353,42.6313186275513,0.85,0.199367535260803,-0.916112469749009,282.277472604036
109,2049.74628628867,19.6420157745342,0.92,0.848493137633354,-0.473325251796729,330.845379180319
110,2560.11227997995,20.019290141341,0.94,-0.915901631223192,0.348394845749745,159.173957612495
111,1867.13463343507,33.5150980738188,0.84,-0.660449320430349,0.705125448910526,133.126180283202
112,1391.02782760325,35.665828031639,0.81,-0.962349987289656,-0.0925678954730145,185.494344602654
113,3010.13012285658,39.3042559256312,0.87,0.510487648121385,0.788715613141575,57.0874736302424
114,726.308730665342,34.3622270315908,0.82,-0.48432889435515,0.707178051254099,124.406286446826
115,1581.82129433302,32.3478206046748,0.85,-0.100090151540879,0.941429399150121,96.0687305461717
116,2662.2786203472,16.8680696175893,0.95,-0.597569270046726,0.768473205753083,127.86884582337
117,1829.34448905633,36.7061645645715,0.82,0.900196749092951,0.360815010197877,21.8417987267229
118,2625.02668325883,34.6672107537299,0.89,0.493964355545619,-0.830256927796297,300.750682466453
119,2791.68339101894,16.3895090655606,0.95,0.014957002953544,0.96030058045012,89.1076712094865
120,2647.40222122286,33.5328372401518,0.89,-0.526431737026681,-0.815057441379922,237.14227040351
121,2818.98559210255,39.7453469240212,0.86,0.964544155657256,0.157223685568003,9.25796781110972
122,2659.19510915964,36.2971787715531,0.87,-0.88691808201692,0.411379816204774,155.116683119931
123,1010.33990499189,30.8243339262532,0.85,0.895211757004522,-0.351020258793865,338.58942557164
124,2746.19838608992,18.6348894073658,0.95,0.764470312181922,0.608294178637995,38.5095024902379
125,2845.25151945675,35.5063799394055,0.89,-0.629923659772941,-0.739267603949235,229.565964488471
126,2207.17222920623,34.2546483013899,0.86,0.0055867667943879,-0.964899831952373,270.331738664385
127,2924.33796694459,20.4445058751868,0.95,0.927607416867514,0.276084941378402,16.57464923812
128,1238.63648314127,37.6785367961968,0.8,0.865899215310452,-0.407263355270759,334.810721141424
129,2872.42268433511,23.0431121906596,0.94,0.808255653467637,-0.540545130712956,326.226190259663
130,2177.39242433749,19.5688510006975,0.93,0.346707233534936,0.900876989830356,68.9505180136658
131,1277.69525916154,34.875163368384,0.82,-0.561200303054146,0.772171524368388,126.008976315636
132,465.318085518986,9.85762578906295,0.91,-0.426948202783199,0.633709261577536,123.969285374623
133,948.479639779771,31.3936707222019,0.83,-0.959551519572643,-0.0293844493748379,181.75402666076
134,2205.99057888812,34.7022846917837,0.86,0.759606150626792,0.609189375540179,38.7289356076046
135,3136.03916823019,46.1107952059531,0.83,-0.198382561582369,-0.856643144752789,256.961213673995
136,2825.07883623537,38.7769254038955,0.87,-0.90230187282309,0.368353789802233,157.792857723522
137,2508.54032915144,37.5971169012866,0.86,-0.0785418076135598,-0.950250965298593,265.275029089113
138,1472.08995570996,42.0844201259648,0.72,0.0571059358446435,0.882660621444807,86.298265399392
139,2507.95975273837,16.5592046992787,0.95,-0.259472207498738,0.927329105581545,105.631936343936
140,899.344523943599,11.644805462868,0.92,-0.861968661723478,0.422931283142736,153.86478136052
141,2975.77452188893,18.2288619159877,0.95,0.12689588084052,0.931427173960618,82.2418947498932
142,1832.94315160965,17.7699603983776,0.93,-0.812685689223918,-0.529331810459308,213.077664459601
143,3005.80983476525,23.478666403047,0.94,-0.544606195959229,-0.786663644519783,235.305195866599
144,1739.23273557203,33.854058973578,0.84,-0.60481893496264,-0.756872642178196,231.371555655098
145,2655.45515235841,16.9757091374398,0.95,-0.156492093980376,-0.947703751521414,260.623495049287
146,1763.76443586372,31.3766181941045,0.86,0.276605846575605,0.916403173062241,73.2041590907012
147,2084.03111579268,46.5762982434643,0.75,0.057150264874846,-0.891895776653076,273.666345914721
148,1664.41196690944,17.0564496257196,0.93,0.163650847730994,0.923662656773197,79.9528289000825
149,3157.88815117456,23.8715941382716,0.94,0.895543065206871,0.297513505465838,18.3772996641061
150,2252.69703130859,20.6729339001642,0.92,0.976868526474938,-0.0816960436913823,355.219447400801
151,1235.10380339633,20.0253548125989,0.89,0.0263398518723876,-0.943942425331347,271.598371670343
152,2433.33984792316,32.1838032111549,0.88,-0.179146191368094,0.946768909394695,100.714744279025
153,3221.27813636228,43.5842819442322,0.84,0.126463810056557,0.842822454400078,81.466545632305
154,1726.48654566657,19.8397198278753,0.92,0.958986118651139,0.156703977829441,9.28044719339128
155,1845.30158925872,17.1814206790602,0.93,0.617048871966404,0.746626385840584,50.4279935864937
156,1807.21814559057,33.0721135370192,0.85,0.816771703361734,-0.522518793478029,327.391462545209
157,1298.31896870274,21.18638119913,0.9,-0.809987830011786,-0.53093625896027,213.24430880817
158,2824.95633905197,49.977071163007,0.79,0.177800519419184,0.869521881153749,78.4434255798472
159,2115.93161119814,20.2172668868117,0.93,0.92363100782955,0.319220298411022,19.0658933575017
160,1742.86484851008,33.7110442867276,0.85,-0.974965642551649,-0.0160759387808245,180.944648655462
161,3023.60834042193,40.2943534180376,0.86,-0.725930760899648,0.618793203821547,139.555277302113
162,3262.13175752147,41.1073081848568,0.86,0.806089373195389,-0.46579149074892,329.978916810995
163,1434.27075261049,37.2450941106004,0.81,0.959154006000695,-0.0444080694284693,357.349143928488
164,2373.97563271216,49.7072528208575,0.76,0.00263368065474577,-0.886294229606939,270.170257615257
165,1520.66765177815,31.9577191792029,0.85,0.406675367213238,-0.85726999490822,295.378925134798
166,1341.66726119617,19.5039317492957,0.91,0.957383673832727,0.134417775952002,7.9921519429342
167,908.165830590318,9.66485886230006,0.93,0.0921798440886321,0.90306839978584,84.1717737578174
168,1795.53197673027,18.5751871239261,0.93,-0.936189466855306,0.27856645167968,163.429442362546
169,2252.26124827057,18.968092417117,0.94,-0.548732384849213,0.799477342928517,124.464297851527
170,666.054225704339,11.6477551814986,0.9,-0.93405456383445,-0.128146203406382,187.811839809976
171,3465.34408161658,36.396964611651,0.88,-0.40704772336408,-0.669547019038407,238.702701925933
172,1650.79992017191,36.563552793828,0.81,0.93324788908568,-0.263351230017381,344.241577605317
173,2306.2610662932,21.4298368590276,0.93,-0.868334890770034,-0.457101377271961,207.762829781945
174,2562.56847851479,46.9616848086625,0.81,0.845631258976316,-0.45821364996358,331.548513144403
175,2066.42940451923,32.1032065427808,0.87,-0.441570550391743,-0.861487333141176,242.86179003559
176,2274.15613543737,38.0723676631207,0.85,0.739922619952729,-0.636892883372046,319.279576345539
177,1032.58000472119,35.5016363776842,0.8,-0.575012968130918,0.744670106709054,127.674293773274
178,2999.58481658087,42.8342525979846,0.85,0.924311985829123,-0.266789999139436,343.899939739927
179,2287.72127602596,19.9724248570754,0.94,-0.963514075804183,0.190826483735354,168.797393032379
180,1489.08988982495,16.359326897172,0.92,-0.121632969329505,0.931539962708221,97.4391342598341
181,2207.00791867488,35.7179621778695,0.86,-0.971839166180728,0.103357839967955,173.929251992052
182,1591.30285781945,44.3094060129217,0.71,-0.273229232414785,-0.847611699791901,252.133175647724
183,2212.27294112321,21.0721036507095,0.92,0.628290525070602,-0.742675110224163,310.230653670483
184,2021.69847679128,35.3068403663827,0.84,0.847604327052599,0.48195217728058,29.6227827679073
185,2383.70643849312,32.5042758044434,0.88,0.683104031494838,0.695717865842925,45.5241426121567
186,2586.79584735028,19.3246330707354,0.94,0.898923801038505,0.387729617116039,23.3318146246821
187,1531.32293129446,18.8394447695468,0.92,0.830908796350713,0.501153467683122,31.0958154675972
188,665.861776681948,13.7599140093899,0.9,0.944429859179175,-0.0277746481521033,358.315479380831
189,2266.37337973491,20.6236567957799,0.93,-0.265015236798802,-0.92463677591953,254.006876453088
190,1136.733715961,16.0442923934265,0.9,-0.809574755999922,0.527261248022621,146.924536844707
191,2522.86555007985,22.2492810152767,0.94,-0.580947162945384,-0.782565489039335,233.41119754154
192,2612.71802986853,19.6941000272544,0.94,-0.914295563429929,-0.352917350992487,201.106548119609
193,1856.56403563623,67.4593300833417,0.21,-0.0354802843377874,-0.0232113707777282,213.192902436446
194,2447.88972746777,20.7176115320166,0.94,-0.963926467431737,-0.168328239340854,189.905545531393
195,684.543491430016,13.3956968352292,0.9,0.195216934138839,-0.874865780107817,282.578869742766
196,2412.09006208238,19.7861239250605,0.94,-0.777773772569105,0.591009810371252,142.769754419836
197,2813.60764523645,19.1385112840842,0.95,-0.763680342800224,0.60895509573106,141.431307343844
198,1486.88658786883,8.86592181290563,0.94,0.454028353306099,-0.849970228322397,298.109782754921
199,3450.35193795124,32.7651140362249,0.89,0.0239724337453764,0.752532913879416,88.1754220612245
200,1683.8831501468,33.7674487172735,0.84,0.256797522917433,-0.921474040473054,285.572155993705
