"Group.1","ele","slp","svf","aspC","aspS","asp"
1,3157.16913176731,44.7125572935558,0.83,0.624533260158123,0.713002823266694,48.7842416492953
2,1992.74657154141,33.19122012798,0.84,0.783518254151701,-0.57697472961203,323.632453558973
3,1090.76812310518,36.3660170224806,0.76,0.302848516538552,-0.87822693349449,289.02628490095
4,2799.21232162414,43.6734909313032,0.83,-0.419172137555398,0.858053327765612,116.036214628277
5,1364.24100084405,22.6851766366221,0.91,-0.0186856412674785,-0.954880949530988,268.878947413715
6,416.683694493168,8.61277109022724,0.96,0.399003275097518,0.86120521509857,65.1413326939785
7,1560.43195800897,47.3463915901595,0.71,-0.172557632988212,0.903155862462288,100.816614359378
8,1037.71442218956,24.0455636417873,0.9,0.835454286983995,-0.47513494366876,330.372483691696
9,3016.32626902862,23.5614472583631,0.93,-0.878236469502218,-0.41445071112544,205.263207359356
10,1458.13599249109,22.8613163084761,0.91,0.892973727798042,0.382535239259197,23.1894947381216
11,2698.38165515217,38.3664965134331,0.86,0.509156735102862,0.81985855469768,58.1584796794578
12,2938.82939599163,42.449340818678,0.83,0.620154742014806,-0.73081822832664,310.317133497827
13,3399.29538040013,37.2443986999251,0.87,-0.951968060119787,0.0546644149207661,176.713540384736
14,1581.20467714932,35.9037898638272,0.81,0.887348164034285,0.378546005834766,23.1032744578499
15,288.192282939312,6.01398488528008,0.97,0.161151347377832,-0.935686403561811,279.772065852656
16,2399.65494275479,25.6163516058409,0.91,0.460409113548408,-0.855802263410611,298.279602253467
17,2565.29507087226,35.5062820610387,0.87,-0.970592856240435,0.0969154875392709,174.297811590004
18,2116.17761119141,50.7961753353083,0.72,-0.13572035463716,0.916952493564422,98.4193590560366
19,2740.18603051896,41.1761960222438,0.84,0.714405085432462,-0.652371367410905,317.598693204625
20,1326.96655454767,37.6295241348104,0.77,-0.780222356744135,0.539781117385924,145.32335830366
21,1840.93397770725,47.0684419370607,0.73,-0.152589367588454,0.917762496321677,99.4397822971974
22,711.086355748147,18.8134523372436,0.91,0.752241561184126,-0.581856092926611,322.278179794881
23,2911.5337838613,43.1885521592737,0.84,0.515744047698048,0.813190753972492,57.6162015506865
24,2973.81498497779,42.3555470279347,0.84,-0.963039076424098,0.0647015782988828,176.1563712485
25,1556.07248384962,33.8748252430263,0.79,-0.242594908728042,-0.926394990156762,255.325479267155
26,1149.45066966167,24.2309650014329,0.89,-0.201239436516209,-0.929516254101656,257.784047767785
27,1785.7458952788,26.0136356844488,0.91,-0.957850144948698,-0.187491369867214,191.075151726518
28,2553.82697303135,23.5055736796571,0.92,-0.60857993209804,-0.763009623663171,231.423978821143
29,2266.80607926343,39.3469661560793,0.81,-0.402868038727332,-0.876004241436023,245.302639649722
30,3159.4764109259,47.2264665784949,0.81,0.614668693666392,-0.7129151755739,310.767599752212
31,3083.283029582,31.6875130781281,0.9,0.962123288730093,-0.101758268408524,353.962598498998
32,2439.62301710342,20.7322567692195,0.92,0.927589069282596,0.307823352652258,18.3585874219587
33,2119.21652410826,23.7852238500209,0.92,-0.148112723738555,0.961429979234667,98.7578295896837
34,3322.39736511559,25.2109693078789,0.93,-0.151181369287728,0.89008610944562,99.6397073839269
35,2295.00961386168,20.5972198770244,0.94,-0.459203792659794,0.854724948926893,118.247061574866
36,2189.64233148404,41.2000051829983,0.81,-0.959630658937667,-0.0868718761802782,185.172679373752
37,1002.8106675364,22.1607229220986,0.91,-0.253530933241557,0.920063766962759,105.405970333404
38,1189.56561773411,23.2523354700321,0.91,-0.394002293849891,0.875780883483565,114.222353311257
39,2931.4815333066,20.9187237007983,0.94,-0.296433203799727,-0.922703273683344,252.189553121419
40,2392.99727073427,40.0347197276155,0.84,-0.759345633540294,0.59937824666627,141.714724726178
41,1078.75861701627,25.0234937350692,0.9,-0.906582835837207,0.350830291898867,158.844511567159
42,1695.58401986404,22.9939305933092,0.92,0.759265620814762,0.593594721252328,38.0183362679928
43,1850.08152762321,23.3742069225033,0.9,0.612456866064252,-0.751092215759268,309.194548173731
44,1992.12005394267,35.8912476813581,0.82,0.900863803880228,0.362551367755817,21.9222502755026
45,2715.31899579845,20.4105817599315,0.94,-0.0208713380423166,0.961736820390709,91.2432215109846
46,481.213571013983,11.6030071177432,0.95,-0.656633675791042,0.70020344742652,133.160791381548
47,2292.64360019732,39.7343988545379,0.81,0.562748376750188,-0.786182904668575,305.595022406847
48,1178.93798497311,39.3822350636043,0.76,0.10220807584584,0.911562321474408,83.6024842663474
49,2548.2509166811,39.6898092632439,0.83,0.664949509461363,-0.71014691991294,313.117449180446
50,3030.30971734735,22.4574293736394,0.93,0.440120510856776,-0.855068637863692,297.23576400196
51,1706.40108084341,27.5698128296278,0.86,0.309812559621092,-0.908483068313905,288.830496806992
52,3011.32503758621,48.2785902224912,0.81,-0.361849780522126,0.875799168336574,112.448713179924
53,2531.61956272669,20.8068638033527,0.93,0.137951187543151,-0.959581242215727,278.180895847264
54,2128.64404844428,22.5561442570405,0.93,-0.826232119622352,0.520496972684422,147.790524977346
55,1816.10942030645,26.9033413068334,0.89,-0.0122857339168154,0.964679426896098,90.7296544617543
56,1983.32424076372,34.0627957765156,0.84,0.181968461398469,0.950992555020601,79.1676275376076
57,2646.19193802626,36.013304855227,0.87,0.0073673937187454,-0.971578592375768,270.434460453295
58,2531.05023571481,19.931413002119,0.93,0.893170049544904,-0.38690945899916,336.578376911477
59,3453.55987271117,28.200004253734,0.92,-0.451986676233173,-0.809806649798904,240.832301957924
60,1327.1257707531,21.7771684203982,0.93,-0.804435393728231,-0.537864605454514,213.767627489463
61,2273.52423671993,23.698671599407,0.93,-0.801083957544073,-0.556942042885034,214.808399696571
62,1903.4645937068,22.8882442361928,0.91,0.623718539215485,0.744064703790876,50.028293738713
63,2211.53610800949,36.2212524341544,0.85,-0.556250990183583,0.789860524267984,125.154719967935
64,1344.21392364608,37.6704524030735,0.78,0.94603049123588,0.140094982267133,8.42355047733316
65,3017.56296014939,43.3554306015216,0.83,-0.420933180206481,-0.848485293093295,243.614010628663
66,979.525988214556,23.0609586848751,0.91,-0.848057637690917,-0.45199206073233,208.056423473995
67,1961.2927340305,21.7346563070801,0.94,-0.948600595278188,0.226305538512128,166.581882799737
68,2122.88213812409,35.4365069854665,0.83,0.20982849145318,-0.942769683077414,282.54757725997
69,277.933580666218,5.87188177351903,0.98,-0.88263583846335,0.385117376446266,156.427082853736
70,3476.76697706937,41.4706269437351,0.85,0.601523812914731,-0.701514621326434,310.611913258664
71,1796.77530365394,36.0685430525896,0.82,0.740426074417984,0.62125855034652,39.9985152690193
72,848.271617882516,35.8950138867652,0.75,-0.507914989947,-0.752894274833554,235.995743206733
73,2056.50785856136,49.1600263221797,0.67,0.161543257664793,-0.875128125901549,280.458715131377
74,2161.42220228972,35.9783859547152,0.84,0.546869793305418,0.793681774849263,55.4320299052672
75,2869.18408246726,22.2184676465123,0.93,-0.973918464962558,0.0954082841458085,174.40496792104
76,1715.24309441629,35.8953219701458,0.82,-0.77848252258029,0.566344389593469,143.964189793357
77,1376.99146189773,22.1275876159443,0.92,-0.466684967850345,0.839945932287814,119.057123723
78,1892.46044554691,35.7823920743776,0.8,0.14455467372706,-0.947453980638192,278.67481669572
79,413.278408234576,9.33304040851299,0.96,-0.959920114082335,-0.142464382652921,188.441803351877
80,2648.96038006746,40.8925485936718,0.84,-0.742945779321641,-0.626104372737408,220.121919823901
81,659.091039289593,34.923039052315,0.8,-0.945140130234442,-0.0155204285540313,180.940786561668
82,1955.44708276372,23.4852544849927,0.92,-0.768512237902257,-0.596223594568548,217.804859130247
83,3937.0434371314,46.3920482785445,0.82,0.00307353764972037,0.765655926306154,89.7700014019972
84,2106.25817825834,25.7502700949534,0.92,-0.943771145742126,-0.255261148632122,195.134635613023
85,1630.24037009084,23.8182622502811,0.91,0.938464497106077,-0.23883924628081,345.721348346063
86,2016.92955471512,37.4612182150292,0.82,-0.516029221990693,-0.820658720164901,237.838367666521
87,1836.5795597965,25.1608399006232,0.9,-0.341220324305998,-0.902472247959915,249.288640985051
88,2848.34022317515,40.4309418287718,0.84,0.970738448684996,0.0634947996406576,3.7423151274659
89,2565.09304479465,20.7475761475077,0.93,0.136817130943436,0.958952621270288,81.8802091902961
90,743.237743362236,21.4109513306819,0.9,0.889651754615158,0.366968663803789,22.4154493264643
91,2452.63396965593,24.0037038881101,0.92,-0.334437388944206,0.917326786723215,110.030755287721
92,3223.99907670293,48.2795117217129,0.81,-0.54461868574491,0.754539186530344,125.821366686127
93,1957.04829844808,20.5208803585114,0.93,-0.322833726280938,0.908007600173803,109.572374031113
94,3112.72229254122,26.6638682881334,0.92,-0.833835390209221,0.487002001039322,149.712912863362
95,2872.41629007317,22.6099005829089,0.94,0.123866451873746,0.95678385863712,82.6234440255777
96,3266.26258782602,25.5279691107478,0.93,0.460663006078821,-0.816096385066218,299.443481892591
97,2661.90598753967,20.7423976977671,0.94,-0.954229896411166,-0.196181233576506,191.617627524446
98,2419.78670095323,37.4130328965592,0.84,0.955106176457594,-0.191900469855893,348.639360819618
99,865.312565590389,30.1354681702883,0.85,0.881320415643371,-0.375501253858648,336.92276238215
100,1423.46553217102,25.2067632864468,0.89,0.869536179800357,-0.428697136873245,333.755865183427
101,2719.31387739192,20.7861342616495,0.93,0.961453273417926,-0.164603016313038,350.285015939164
102,2964.88108213237,23.9003483307914,0.93,0.825134853251756,0.50773463823441,31.6054545597002
103,2761.28105598322,40.4838738757228,0.85,-0.967081887488136,0.0805649274118223,175.237842774319
104,2281.90984745425,23.7276172755899,0.93,-0.960801372881119,0.179677591640832,169.407576497783
105,277.936867912044,5.26577188391776,0.97,-0.745960525362641,-0.603534652277382,218.975300055728
106,589.613248498088,12.3782326290228,0.95,-0.957243704282022,-0.123367633483968,187.343684381135
107,279.726951684322,5.85950427566005,0.97,0.795901905979226,0.539220549622625,34.1174924208403
108,790.796424687421,18.4840806011125,0.93,-0.917242021416466,-0.298827825753373,198.045065983937
109,1585.3853965651,35.3376946239486,0.81,-0.937544788052144,-0.242294449809806,194.490197655291
110,3292.22061990557,48.9145944339905,0.8,-0.343516696471013,-0.851878451202949,248.038433934106
111,3707.13567451652,37.8561335635743,0.86,0.0127378611227704,-0.846006038413799,270.862606774559
112,1096.1245175243,36.6187482009158,0.79,0.953334424424523,0.113343335491222,6.78015301386808
113,922.132050659465,21.3609859790399,0.9,0.00111696149102515,-0.940858354519596,270.06801996171
114,2138.14523280191,25.9766037357417,0.91,-0.452228817717287,-0.859208856253846,242.240747644739
115,3087.53454849441,24.7188992154425,0.93,0.0790552890656062,0.940145587569073,85.1934002031343
116,953.512821262615,20.5673796679059,0.91,0.898065292850688,0.342505493391452,20.8759260179897
117,3322.35494908726,33.743117398548,0.89,0.913683242690196,0.235112155392833,14.4304799980694
118,1668.83684976874,24.0219161189025,0.91,-0.602620244542319,-0.752036029990364,231.294164100055
119,2615.9814980939,35.3799896240729,0.87,-0.517784074387754,0.817370998034897,122.353235387854
120,1735.05935284504,42.6561397398477,0.69,0.180599100656051,-0.912818818067884,281.191308644973
121,2712.86606513476,19.7602259483449,0.94,-0.363658690309077,-0.8966444048511,247.9236382799
122,2156.45578080031,22.9821399579628,0.91,0.659708441881799,-0.712372249463913,312.801927050175
123,3994.16116050108,42.1566546522612,0.85,-0.314636750171888,-0.668874054172702,244.807819280912
124,2818.5514901112,39.3459915954144,0.85,-0.253909535870464,-0.922412732057476,254.609541732923
125,1770.43172710907,38.4850978259241,0.79,-0.6702401266979,-0.689637016091056,225.817194805457
126,1928.27927511531,38.3344529722273,0.82,-0.965545727083695,-0.102587101252878,186.064797329505
127,2826.95775249838,21.2591304938428,0.93,0.362513653830102,-0.898537724526434,291.971535765259
128,465.977581629433,32.7601056278667,0.79,-0.437111974671233,-0.784467947325481,240.873089459346
129,600.708690202938,12.0187763738045,0.95,0.148095566574899,0.923826101934928,80.8925867213073
130,2578.4878533983,18.9410004315335,0.94,-0.757499721615758,0.605312162799145,141.371919083757
131,1626.5140667692,22.6168843218561,0.93,-0.962369704226336,0.130014866864376,172.306000129922
132,1112.72470358618,23.5616469805395,0.9,0.534181042370801,0.802625358729349,56.3545592978856
133,690.18393137907,36.6367693738175,0.8,0.0299204792386585,0.90190791878508,88.0999294282992
134,2503.33887650229,36.4116311475013,0.86,0.569751350332636,0.778971809540055,53.8177176301188
135,684.136111744419,16.3700270752248,0.94,-0.775140260451992,0.573883025879948,143.48522440894
136,533.202645599895,9.96000288250674,0.94,0.947723510415281,0.168471794356117,10.079872158842
137,2825.78690965017,24.8445841255657,0.92,-0.798157616082108,-0.566538139042542,215.367412389407
138,924.314343066631,34.8562898398906,0.8,0.506362717267757,0.789741980594525,57.3330273679517
139,2557.03574166672,51.3613223847599,0.75,-0.151788426876568,0.901715595789977,99.5551865385791
140,1824.40111846141,24.162443420582,0.92,-0.787378588415708,0.572196224094904,143.99370448456
141,1416.86831661738,34.7467117794032,0.8,0.255799353422092,0.909419364951924,74.2898934059039
142,2060.96311312466,22.2942004025035,0.91,0.972467587938148,-0.0237555102016309,358.600652758369
143,2339.84869196456,40.4990644871578,0.82,0.0697386859367558,0.961929601783007,85.8533828802924
144,3627.15558522608,36.4735225306275,0.87,0.622724161859812,0.609798524603728,44.3991531982607
145,2007.15526254763,35.951337649799,0.85,-0.688786740571188,0.684943365315842,135.160299760276
146,2398.71255695308,20.3488022175401,0.93,0.397049164817033,0.885907423420276,65.8588606170937
147,1856.40813142478,24.0035096660415,0.91,0.974747717144948,0.0254637254489326,1.49642028167456
148,894.0950471283,36.2017030435799,0.78,-0.838115063083518,0.41604678345551,153.599843518711
149,2396.85212475692,23.7295653895804,0.92,-0.413068259545377,-0.879506846702014,244.842482896243
150,3476.15014660272,50.9064566702341,0.79,-0.213251547640687,0.862172943226616,103.892818216233
151,2669.38513621428,20.1451249887009,0.94,0.542766238784381,-0.80609881360801,303.953356054373
152,888.701491270249,19.6787212135121,0.93,-0.875193449200105,0.405522330307111,155.139274164322
153,2235.13699081182,20.6003657739683,0.92,0.901932755637769,0.372963077184428,22.4658475566658
154,278.945960729531,6.65586654238417,0.97,-0.159641782656843,0.93714359630198,99.6674970726061
155,1553.07639557124,35.9177918614512,0.78,0.736773557361715,-0.617223607962255,320.04579385976
156,2185.07698182667,37.9602001003158,0.82,0.961478944886049,-0.122371913090389,352.746695988274
157,1160.16565781178,25.1435833496493,0.91,-0.892796574449178,-0.382271019683864,203.179281817778
158,2929.63890396939,25.3320268433627,0.92,-0.631086829683795,0.738267738314773,130.52452005736
159,3670.18704131943,38.2559034377608,0.87,-0.844112247317351,0.29421314246227,160.784131606103
160,2332.1762631039,36.169911390273,0.85,0.806721426701578,0.544638582305478,34.0243079186478
161,2890.37535049653,19.5128287845599,0.94,0.901833850717316,-0.359715286992559,338.254381356061
162,2780.77124389375,21.3498488717249,0.94,0.787062844012018,0.569558159900215,35.8913856086559
163,1114.46166225058,38.3730507593262,0.72,-0.855395426132056,-0.38452541555702,204.205319864027
164,2457.07338457291,20.1714821864144,0.94,-0.946417825427606,-0.245952474751638,194.567629007684
165,2002.20570631141,23.0765209368643,0.91,0.131411130354239,-0.954182576711781,277.841512490745
166,1471.23396207497,50.8414001681864,0.6,-0.324839685968014,-0.773413507332654,247.217215619663
167,1235.09050687184,24.23683229971,0.9,0.951383590505294,0.199068663139158,11.8181341431038
168,2248.10185173985,21.8026854617963,0.92,0.313785864084375,0.920012155224798,71.1671804922881
169,3203.88637106447,33.0554135082227,0.89,-0.936806450331189,-0.240115012849027,194.376128036963
170,1533.73805599385,26.7420047284645,0.89,-0.657704410998109,0.712788768880682,132.698344383389
171,453.214161061889,33.4342506074643,0.81,0.417714459480741,0.786635781566265,62.0310809253094
172,824.701172794371,18.8275648578096,0.92,0.0636614654475035,0.933898545395386,86.1003267204176
173,481.403928191812,9.93557586285306,0.96,-0.458522070442477,-0.835110202786845,241.230758891067
174,1229.78320358523,28.4144860966638,0.88,0.764058123065467,-0.588926887981453,322.375393092935
175,631.957231667065,35.6955691305547,0.79,0.933917867044246,-0.138699120163762,351.552565981983
176,1768.94984580968,35.8419997304254,0.81,0.910537438550933,-0.32568205851854,340.318828696359
177,522.259620241707,10.9605435648214,0.94,0.621155462990346,-0.719481386015171,310.805283548223
178,2745.06661768667,23.0036198505346,0.93,-0.771437484146649,0.593888396642499,142.409252932003
179,1270.2229249662,23.6261477584328,0.92,-0.941034012035589,0.251895525507564,165.014417442437
180,2605.4801260702,20.8907931907931,0.93,0.802070549200255,0.55136823231431,34.5058418805667
181,1338.4792516415,35.6622109641709,0.76,0.33786275255901,-0.882257183051735,290.954475400959
182,2072.9491821836,22.2881919370475,0.92,0.599948957306696,0.763921717180774,51.8555399297426
183,1504.26475113528,22.7479218883115,0.92,-0.720366369236257,-0.644414352993124,221.81469288152
184,1542.67165082959,21.1612936166119,0.91,0.254057879606128,-0.92093777997432,285.422512730614
185,3144.83943253528,25.3669416424049,0.93,-0.347582241921837,-0.894044840339196,248.755165121585
186,1674.99604910372,21.4496375418586,0.93,-0.364568732090095,0.8854777184985,112.377936364969
187,1350.2026574986,36.0145938177576,0.79,-0.725109869704241,-0.618785408195382,220.476373933431
188,1662.09056287786,32.9884298951466,0.83,0.195417806132437,0.941564864143771,78.2749647943854
189,1527.02895788895,23.06193489726,0.91,0.257546786462422,0.924535075291911,74.4338127351642
190,2264.07468969873,22.8933612896193,0.92,0.0569917709252007,-0.964609331298215,273.381261407451
191,2410.61761034917,38.3225504628523,0.85,-0.898093429755652,-0.370917657137342,202.440901624394
192,2461.37433673,41.434924752303,0.82,-0.183320125924495,-0.93969913475098,258.961162756762
193,2611.0817464619,38.011671736135,0.85,0.971689745115308,0.0665334228556347,3.91703578739511
194,1309.09988507427,24.2632326591174,0.9,0.455281661169321,0.848424332903233,61.7810931422325
195,692.865916823014,18.2961271650226,0.92,-0.339965865205539,-0.881008445357329,248.899264185377
196,289.031798330369,5.72346178514861,0.97,0.908609321345973,-0.322030875405154,340.484567957856
197,1442.26351517208,24.7472565379276,0.91,-0.968479292440747,0.110309975898613,173.502003293573
198,2427.78315928624,20.9725629771329,0.94,-0.867754649884574,0.453889520247233,152.387641576716
199,4281.01099358908,40.3047037209259,0.86,-0.28167190148264,0.198527973876612,144.823055257023
200,2311.55175585697,20.9181284580824,0.92,0.909226316379501,-0.349852268960713,338.95426393141
